16168,15998,16101,16102,16100,16098,16097,16099,16096,16010,16107,16106,16105,16104,16108,16103,16136,16120,16119,16118,16134,15940,15941,15936,15943,15944,15945,15946,15939,15938,15937,15942,16113,16112,16004,16005,16000,15999,15923,15950,15948,15949,16024,15840,15841,16131,15954,16121,15894,15895,15975,15888,15887,15886,15889,15884,15882,15881,15880,15890,15883,15885,15903,16040,15868,15876,15875,15874,15873,15872,15871,15861,15862,15863,15864,15870,15866,15867,15869,15865,16003,16002,16001,1400,1401,1402,1147,1144,1148,1146,1143,1142,1145,1141,863,5359,5362,5361,5360,5358,5357,5356,5365,5366,5363,5364,1608,1607,1609,1610,1611,1612,1836,1833,1830,1831,1832,1828,1829,1835,1834,1284,1285,1287,1286,5828,5829,5830,5831,5832,5353,5354,5339,5340,5355,5342,5343,5344,5345,5341,5347,5348,5349,5350,5351,5352,5346,5284,5282,5281,5280,5279,5278,5277,5276,5275,5283,5883,5878,5879,5882,5881,5880,5954,6284,6283,6285,6286,6288,6287,5520,5519,5521,5518,6400,1708,5964,5967,5966,5965,5963,5970,5971,5972,5968,5962,5969,1494,1489,1492,1491,1490,1488,1487,1493,1495,1486,1485,5888,5885,5891,5890,5889,5887,5886,6271,6270,6394,6393,6392,6391,6382,6390,6389,6388,6386,6385,6383,6381,6387,6384,6234,6376,6377,6378,6379,5205,5197,5198,5199,5200,5201,5202,5203,5204,5206,5196,5207,5209,5210,5211,5194,5208,5195,6254,6268,6267,6266,6265,6264,5774,5780,5778,5777,5776,5773,5772,5771,5770,5781,5782,5783,5775,5785,5786,5784,5787,5779,6100,6101,6102,6103,5445,5444,5443,5436,5442,5441,5440,5439,5438,5437,5447,5446,5271,5270,5269,5267,5266,5265,5268,5222,5217,5216,5221,5215,5214,5219,5220,5218,5229,5228,5227,5226,5225,5224,5223,5230,878,870,871,872,873,874,866,865,875,877,876,867,868,869,864,5393,5304,1224,1219,1221,1222,1223,1227,1226,1225,1220,5493,6289,6291,6290,6292,5867,5868,1857,1856,1859,1858,5168,5169,5979,5807,5808,5809,5810,5812,5811,5816,5813,5815,5814,6317,6316,5874,5875,5876,5788,5791,5793,5794,5795,5796,5790,5789,5792,5798,5799,5800,5801,5797,5802,5803,5804,5805,6262,5629,5707,5706,5705,5704,5699,5702,5701,5700,5703,5709,5708,5710,5711,5712,5713,5693,996,997,993,992,994,995,5499,5698,5261,6163,6238,998,1434,1433,6260,6259,6258,6257,6044,980,981,982,1537,1534,1535,1536,1538,6236,6167,6166,6165,6164,1606,1604,1605,1603,1602,1601,1600,1599,1598,1597,1596,6335,6336,6332,6331,6325,6337,6334,6333,6329,6338,6328,6330,6327,6326,6339,1554,5213,5379,5380,5381,5382,5383,5384,5385,5386,5338,1780,15897,6089,6087,6083,6086,6088,6084,6085,15969,1344,1347,1346,1348,1349,1345,1341,1343,1342,5460,16135,16095,1589,1588,1587,1590,1591,12916,12910,12824,5255,5254,5257,5252,5251,5250,5258,5259,5260,5256,5253,10217,1715,1716,16093,6350,6351,6352,6355,6354,6353,6349,6348,6356,9820,16045,16043,16042,16041,16044,12654,12655,12656,9781,5926,5930,5934,5935,5939,5927,5940,5931,5938,5928,5932,5933,5936,5937,5929,5941,5319,1719,1096,5376,5378,5367,5377,5374,5371,5372,5370,5369,5375,5373,5368,1149,12725,12722,12737,12738,12723,12733,12726,12727,12728,12724,12729,12734,12730,12731,12732,12735,12736,12878,12874,12877,12876,12880,12875,12879,10328,10325,10326,10327,9789,9788,9787,9785,9786,6357,6006,5996,5995,5994,5998,6005,5999,6000,5997,6001,6002,6003,6004,12707,16070,16069,16062,16073,16076,16075,16074,16071,16067,16066,16065,16064,16063,16068,16072,10207,6095,6091,6098,6097,6096,6094,6093,6092,6090,16023,15849,15856,15855,15847,15853,15852,15857,15854,15858,15850,15860,15848,15851,15846,15845,15844,15843,15859,12652,12650,12651,12653,1694,16141,16142,16143,12675,12674,10286,10287,10288,6269,10002,10408,6235,5435,5434,12709,12710,12711,12708,9841,9840,9839,9838,9837,9835,9827,9833,9832,9831,9830,9829,9828,9842,9834,9843,9836,9845,9846,9847,9848,9849,9850,9844,15899,5681,5680,5679,5533,16029,16027,16031,16026,16025,16028,16032,16030,15974,15973,15971,15972,10454,1714,1713,5274,5273,9690,9913,9912,9898,9893,9897,9894,9896,9899,9895,6410,10285,9860,9859,10284,10283,10282,6300,9906,9907,9807,9806,9805,10081,10080,10079,10082,6161,6160,6159,6158,6157,6156,6155,6154,6153,9756,10028,10027,10030,10029,7801,7800,8006,7838,7840,7837,7839,10206,7825,7826,7827,7828,12788,12787,12786,9752,16011,9819,9817,9816,9815,9814,9813,9818,9558,9559,9556,9557,9560,9561,16145,10166,10175,10174,10173,10172,10171,10170,10169,10163,10164,10165,10168,10167,7795,10292,9716,1082,1081,1080,1079,1078,1077,1076,1075,1071,1074,1073,1072,897,896,895,894,6048,6051,6047,6049,6050,15995,15994,15996,9615,9760,9826,15985,5877,1211,7908,7909,10276,10277,10275,5918,10150,1631,7907,5549,5546,5547,5563,5535,5550,5545,5544,5538,5536,5548,5560,5562,5543,5559,5558,5557,5537,5556,5539,5561,5540,5542,5555,5554,5553,5552,5551,5541,10453,7956,7960,7958,7959,7961,7962,7963,7964,7965,7957,7872,10506,1105,1104,1103,1099,1101,1100,1106,1102,1107,1110,1108,1109,1111,1098,10481,10480,10479,10478,10477,10483,10482,10485,10484,5884,10124,10123,5955,7983,7980,7981,7982,7985,7984,9944,9943,5973,5974,9927,7879,7880,7887,7886,7888,7885,7881,7884,7882,7883,9942,10025,9652,9651,5488,5484,5483,5486,5487,5485,5489,5480,5491,5492,5479,5482,5490,5481,10205,16181,16180,9775,9776,9777,1646,1634,1635,1636,1637,1638,1639,1640,1641,1642,1643,1645,1644,10105,10176,10192,10193,10177,10178,10179,10180,10181,10182,10188,10184,10191,10190,10189,10183,10186,10185,10187,7858,7857,9890,9968,9963,9964,9965,9966,9967,10069,7799,7866,7868,7867,7865,7864,7862,7863,7773,7774,7776,7775,10086,15947,991,9811,9812,9809,9808,9810,7921,7923,7922,7920,7918,7919,7912,7913,7916,7914,7915,7917,7873,1755,7719,7717,7718,7725,7724,7723,7722,7721,7720,10087,10104,10103,7768,7767,6128,6126,6127,6143,6142,6141,6140,6139,6137,6136,6135,6134,6133,6132,6131,6130,6138,6129,6125,9755,10219,10220,10218,1447,10162,10372,969,968,967,973,971,970,975,976,974,972,10329,1352,1212,1824,1825,1826,7762,10229,1467,1468,1549,1547,1548,1550,1308,1877,1874,1873,1872,1871,1875,1876,7966,10382,10379,10378,10380,10381,10383,9778,1233,1231,1234,1232,1026,1025,1027,10122,1095,1094,1695,1097,10438,1337,1334,1335,1000,9691,5458,5457,5456,7781,7785,7783,7784,7787,7788,7790,7791,7792,7793,7794,7782,7789,7786,7778,7777,7780,7779,1353,10152,10071,1592,1707,1244,1332,9957,9958,9956,9955,9959,9960,7728,7729,7727,1906,1448,15933,10370,1419,5961,9974,9973,9975,9976,1356,1355,6150,5952,1322,1321,5899,10034,10033,10032,1159,5843,6244,6036,6035,10204,5824,5823,5822,5825,5826,10461,1620,1711,1710,15997,881,10359,10360,10358,10357,9609,9608,1087,16183,1850,1849,5298,5300,5301,5302,5303,5299,1152,5592,5593,10078,10349,5758,5759,5757,5756,5755,5761,5754,5760,5827,10668,1541,1539,1540,1625,10377,9824,9825,6147,6148,6145,6144,6146,1019,1018,1017,1020,1015,1014,1016,10100,5190,5191,5189,5188,5187,5192,1038,1039,1040,1041,1241,1240,1239,10090,10089,10091,10088,10727,10279,10281,10280,12721,12719,12720,10659,10666,10667,10660,10661,10663,10665,10652,10664,10653,10654,10655,10658,10656,10657,10662,6117,6116,6115,6114,6113,6112,5636,5637,5642,5645,5638,5644,5646,5640,5639,5643,5647,5641,5635,5633,5634,1746,1747,1745,10675,10676,10674,7877,7878,9784,10026,5718,10374,10373,5672,5673,5674,5960,10323,6118,16033,16034,16035,16036,16037,16038,16039,1725,1729,1728,1724,1726,1727,5977,10409,9950,1157,5180,10350,6442,6302,10120,9995,1846,1847,9951,9662,9993,9992,1380,1379,8007,5900,5901,5902,10351,7876,5576,5587,5585,5574,5586,5588,5589,5583,5582,5590,5584,5581,5579,5571,5578,5577,5573,5572,5580,5575,6305,6256,9754,10632,10630,10631,10633,10634,10635,10629,1315,1786,1784,1785,1783,1787,1782,1789,1781,1788,10070,1771,9821,15598,15597,15595,15594,15592,15591,15590,15593,15596,5898,5897,883,9581,9983,10200,15459,15460,15458,10672,15420,9564,9563,9562,9565,9576,9577,9575,9574,9573,9572,9578,9570,9571,9971,1482,5317,1722,15879,15878,16122,16124,16123,16007,16006,2359,2360,2358,12790,9657,15921,15922,9985,10428,12714,12715,12717,12713,12716,1802,1803,12829,1008,1007,2352,2353,2354,2355,2356,2357,12918,1086,10156,7860,7859,7861,12801,1425,12662,12663,12661,2323,2321,2319,2331,2320,2322,2318,2317,2325,2326,2327,2330,2329,2324,2328,5237,5234,5242,5245,5244,5235,5236,5239,5243,5246,5238,5240,5248,5241,5249,5247,1470,1472,1473,1474,1475,1476,1477,1478,1479,1471,6308,10366,10364,10365,10367,10368,10369,10363,10260,10267,10261,10268,10269,10263,10262,10264,10270,10271,10259,10258,10266,10256,10255,10265,10257,12802,6025,6024,6023,6022,6021,6020,6019,6018,6017,6026,6028,6029,6030,6031,6027,5768,6237,1971,6185,15471,15470,15469,15468,15466,15472,15467,5917,9962,1759,1758,5911,5910,5915,5909,5916,5908,5907,5913,5905,5904,5912,5903,5906,5914,5820,5821,10371,1012,6240,6241,6243,6242,5959,1963,1962,1204,1205,1208,1207,1206,9653,10055,10039,10038,10048,10049,10046,10047,10040,10037,10050,10041,10051,10052,10053,10042,10043,10044,10045,10057,10056,10054,9661,10298,10299,10293,10301,10302,10296,10295,10294,10300,10297,2508,2507,2506,5892,5893,5894,5895,5896,6081,6073,6076,6077,6072,6078,6071,6075,6070,6069,6074,6068,6080,6067,6079,6066,6065,10107,5982,5764,10278,6263,6186,1288,10457,10110,10109,10111,10112,10113,10108,10114,1235,1236,1238,1237,9858,6303,5497,5496,5495,5494,5498,9658,2364,2368,2363,2365,2366,2367,2370,2371,2372,2369,5318,5212,6318,6319,6320,6321,6324,6322,6323,2443,1042,5983,5662,5663,5664,6380,6198,6195,6194,6196,6192,6193,6189,6188,6191,6190,6197,5531,5532,1155,15558,6401,1869,1870,1481,1621,9656,2311,2316,2310,2315,2314,2313,2312,2309,5478,5471,5477,5472,5473,5474,5475,5476,9782,9961,10488,10486,10487,6224,6223,6222,6226,6221,6227,6225,6228,6229,6230,6220,9779,1542,1844,1843,5570,5565,5566,5567,5568,5569,6276,6277,6279,6275,6278,6282,6281,6274,6280,6033,6032,6034,5750,5743,5746,5744,5745,5747,5748,5753,5752,5751,5749,5334,5335,5337,5336,5232,5231,2497,2496,2498,5697,5696,5665,5666,1774,5388,1576,2543,2542,2541,2544,2540,2539,2538,2341,2344,2343,2342,7991,7993,7988,7989,7992,7990,9909,6008,10570,10571,10456,5683,5682,5684,5263,15678,15667,15668,15682,15681,15680,15669,15670,15671,15672,15673,15675,15676,15677,15679,15674,15683,9625,5610,5603,5604,5609,5605,5606,5607,5608,16165,1887,1881,1882,1883,1888,1885,1889,1884,1890,1886,15814,15813,15818,15815,15816,15817,1351,1350,1050,1053,1054,1055,1052,1051,10073,10075,10074,1813,5424,5425,5432,5431,5430,5429,5428,5426,5411,5412,5433,5414,5423,5413,5422,5421,5420,5419,5418,5427,5416,5417,5415,6304,15785,4247,1013,5307,5309,5308,5306,9994,5925,5924,5923,5922,5921,5920,5919,15704,15702,15703,15706,15705,15966,15964,15959,15957,15967,15963,15962,15961,15958,15960,15965,15968,6250,6249,6253,6252,6251,1618,1770,15701,16439,5502,5289,5290,5292,5293,5294,5295,5288,5291,5296,1498,5305,15157,10006,10003,10004,10005,10008,10007,1740,2469,2464,2467,2466,2465,2468,1552,6656,6654,6653,6652,6655,6651,6650,6649,6648,6646,6647,9671,9673,9674,9675,9676,9677,9678,9679,9680,9672,9670,9669,9668,15983,15896,1088,16164,15984,1741,1743,1744,1742,6691,14617,9917,2494,2495,1465,16060,16061,16058,16057,16056,16046,16055,16054,16053,16052,16051,16047,16048,16059,16049,16050,1093,6694,1672,10227,10226,1201,1200,1199,1198,1197,1202,2066,2065,2067,2068,2069,10117,10116,9753,4133,4134,15970,15752,15747,15748,15755,15756,15754,15753,15745,15743,15744,15741,15746,15749,15750,15751,15742,4163,4161,4165,4166,4164,4162,13046,13045,13043,13047,13042,13041,13040,13048,13049,13050,13044,13036,13039,13038,13037,6122,6123,6120,6121,6124,2141,2143,2140,2142,4340,4346,4341,4342,4343,4344,4345,4347,4348,15066,15065,10099,1907,7968,7971,7972,7973,7974,7975,7976,7977,7978,7979,7967,7969,7970,16127,16125,16128,16126,1671,9916,9773,9771,9770,9769,9772,9774,9761,9767,9766,9765,9764,9763,9762,9768,4231,4230,4229,4227,4226,4228,10121,16116,12999,12998,13002,12997,12996,12995,13000,12987,12994,12993,12992,13001,12990,12989,12988,12991,1681,1682,1678,1680,1683,1679,15900,15901,15902,882,6119,6541,6539,6540,6538,16144,15952,15951,15953,9654,13031,13019,13020,13030,13022,13023,13024,13025,13029,13027,13028,13021,13026,13032,13033,6710,6709,6708,1445,16111,9582,9583,9584,9585,1388,1387,1386,1385,1384,1393,1389,1383,1392,1391,1382,1381,1394,1390,6510,1911,1912,16386,16387,16388,1324,16130,16129,6489,14894,2524,2525,2535,2522,2527,2528,2526,2529,2530,2531,2532,2533,2534,2521,2523,926,934,935,931,927,928,929,932,936,937,938,930,923,924,925,933,15955,15956,2301,2307,2306,2305,2304,2303,2300,2308,2302,4237,15002,15877,6494,6493,6492,6491,6490,6495,6512,6514,6515,6516,6517,6518,6519,6513,13035,6711,6712,12955,12954,4223,16022,15220,13086,16153,16149,16148,16147,16150,16152,16146,16151,15898,13057,13058,13056,13055,9757,6572,6573,15977,15978,15979,15980,15981,15976,15333,15332,6724,2196,2195,2197,2194,2193,2188,2192,2191,2190,2189,4182,4184,4183,13095,13094,13093,13092,13091,13087,13088,13089,13090,14980,16476,16473,16474,16472,16470,16468,16471,16469,16475,15221,15222,15223,7869,4274,16392,16393,9692,7749,7748,7746,7747,7798,2280,2284,2283,2279,2278,2281,2282,16115,6755,2435,2441,2440,2439,2438,2437,2436,2431,2433,2432,2430,2429,2428,2434,10404,10396,10403,10402,10401,10394,10395,10399,10398,10397,10400,4290,2156,2155,2154,2153,2152,2150,2149,2148,2147,2151,16276,16277,10471,10470,10469,10468,10467,10466,10465,10194,10018,10014,10012,10011,10013,10017,10016,10015,10010,10009,10019,14867,2442,15173,16455,16454,2115,2114,2120,2119,2121,2122,2116,2117,2118,5675,5676,9915,15359,2519,2520,15336,7693,7692,7691,7690,7689,12960,12958,12964,12962,12957,12961,12956,12963,12959,16383,16381,16382,15299,15307,15306,15301,15305,15304,15303,15300,15302,2026,2028,2027,2024,2023,2025,2029,16480,979,16261,16260,16259,10387,10389,10390,10391,10388,10393,10392,16255,16256,16257,16258,16361,16362,16365,16375,16360,16366,16367,16368,16369,16370,16373,16364,16363,16359,16372,16378,16371,16376,16374,16377,16379,6059,6063,6052,6060,6053,6058,6061,6054,6062,6057,6056,6055,1943,1946,1945,1944,7841,1954,14851,14852,14853,9991,9990,9989,9988,5873,5844,5855,5858,5852,5853,5845,5846,5847,5848,5854,5861,5850,5866,5849,5860,5856,5859,5862,5863,5857,5865,5851,5864,5534,15247,16408,16407,16406,16405,1841,2182,2183,2186,2185,2184,10320,10321,8011,8014,8015,8016,8012,8013,8018,8017,5714,5715,5716,5717,10322,1969,9607,16442,13034,7835,7836,7834,7833,7832,7831,7830,1584,1579,1583,1582,1581,1580,1585,1578,9621,9622,9623,9624,9620,9619,9618,9617,9616,13102,7900,7905,7904,7903,7902,7901,7899,7898,7906,7848,7849,7850,7847,5326,5328,5327,5329,6273,10240,10241,10242,10244,10245,10243,5167,6151,2299,2298,12968,12967,8424,8420,8423,8421,8422,5739,5740,5742,5741,10274,16188,16193,16194,16189,16190,16191,16192,6064,1130,1129,1134,1132,1131,1126,1133,1128,1127,1135,6359,2477,2478,2476,2479,4333,14941,14939,14940,10061,10066,10065,10064,10063,10062,10060,10059,10058,10067,10068,9851,5656,5658,5653,5654,5655,5652,5651,5650,5649,5659,5657,1187,1181,1189,1184,1183,1182,1185,1190,1188,1180,1179,1178,1177,1176,1175,1191,1186,6563,6567,6564,6566,6560,6561,6565,6559,6562,15134,16013,16014,16019,16020,16015,16016,16017,16018,16012,5332,5333,1801,13051,10324,2376,5722,5733,5734,5735,5736,5726,5723,5724,5737,5738,5727,5725,5721,5731,5729,5732,5720,5719,5730,5728,10452,7987,7986,9693,2146,7897,7822,7823,10125,10126,13085,10361,9375,9374,9373,9593,9594,2410,2411,2412,9312,9313,9314,9315,14910,14909,14914,14913,14915,14911,14912,14916,5632,5631,2449,2453,2451,2444,2445,2446,2447,2450,2452,2448,10685,10684,5870,5869,5871,8092,12793,12794,7770,7769,7772,7771,5993,9380,16394,14570,14569,14571,14568,14573,14572,14574,16021,5500,2470,5387,6043,6042,6040,6041,2510,14868,12667,12668,12666,12669,12664,12670,12665,15842,2536,7813,7812,7811,7810,7819,7821,7809,7808,7807,7814,7820,7817,7815,7818,7816,7806,8134,8135,8136,14706,14703,14699,14700,14705,14701,14702,14704,14594,14593,6109,6108,6111,6110,9797,9801,9800,9793,9799,9795,9796,9798,9794,9284,9282,9286,9285,9283,9281,9280,9279,9278,9270,9277,9276,9275,9274,9273,9272,9271,15085,15084,2346,2345,10085,5501,15252,8004,8003,8005,1650,1651,9132,9138,9137,9136,9135,9133,9124,9134,9126,9127,9128,9129,9130,9131,9125,15059,15060,15061,15062,15064,15063,15929,15930,15931,7491,7492,10640,10639,10646,10644,10647,10650,10641,10642,10651,10648,10649,10645,10643,10638,10637,2201,2200,2564,2563,2561,2565,2566,2567,2568,2560,2559,2562,833,16117,13064,13063,13069,13066,13067,13075,13074,13073,13072,13071,13070,13065,13068,9290,16077,16078,16082,16092,16087,16086,16085,16084,16083,16088,16079,16091,16090,16081,16080,16089,14797,9039,9715,8331,8332,8333,2348,2351,2349,2350,8827,8824,8823,8821,8825,8822,8826,15037,9901,9900,14606,14605,2397,2391,2407,2404,2395,2400,2406,2405,2394,2398,2396,2403,2390,2401,2402,2409,2399,2392,2408,2393,2389,9902,9316,9317,9319,9318,9320,14996,14989,14994,14995,14988,14990,14991,14997,14992,14993,2489,2487,2486,2490,2488,2045,2044,2047,2046,2475,8287,8288,8289,8290,15891,15892,2361,8876,14776,14777,14778,14779,15501,15502,12928,2285,14762,848,14906,15018,15015,15016,15017,8362,2569,2570,14708,10238,10237,10236,15003,15004,15136,10636,754,1955,6772,6779,6778,6777,6776,6775,6774,6773,6771,6769,6770,10001,2509,16140,14646,14644,14645,10020,5660,5661,10673,14956,14955,15171,12986,14554,14547,14548,14549,14550,14551,14553,14552,736,735,738,734,737,774,773,775,776,772,770,771,14676,14678,14679,14677,14804,2416,2415,2424,2414,2425,2413,2423,2422,2421,2427,2420,2417,2418,2419,2426,6168,6169,6171,6170,15031,15032,15033,15030,15028,15034,15036,15035,15029,15025,15021,15022,15023,15024,15020,15027,15026,15757,15763,15758,15760,15759,15762,15761,814,813,817,815,816,2501,2503,2505,2502,2504,2499,2500,6862,6863,6867,6865,6866,6861,6864,15274,9695,10118,15411,2334,2339,2338,2337,2336,2332,2333,2335,2340,10106,8634,8636,8635,14975,14977,14978,14976,14979,14917,9310,14557,14559,14558,723,5459,788,9908,9999,2512,2511,2373,2374,1594,1593,1595,10464,15019,797,798,8597,2078,843,844,9204,9201,9200,9199,9198,9197,9196,9206,9207,9208,9205,9209,9210,9203,9202,14733,14745,14749,14753,14732,14734,14750,14746,14744,14743,14742,14741,14740,14739,14738,14751,14737,14735,14748,14730,14747,14731,14736,14752,9080,9081,9082,9083,9079,6152,1777,9092,9090,9091,9094,9087,9089,9088,9086,9085,9084,9093,10036,729,730,2655,2663,2652,2653,2654,2657,2661,2660,2658,2666,2665,2656,2664,2662,2659,8775,8777,8778,8785,8776,8783,8782,8781,8770,8779,8780,8771,8772,8773,8769,8784,8774,15339,9526,9531,9530,9529,9528,9527,9525,15282,15281,15278,15280,15279,7702,7701,14958,7712,7713,7714,7715,7716,7765,7766,8807,8806,15277,15276,15275,8023,8024,8025,8026,8022,8027,8019,8020,8021,9321,6485,9390,9399,9392,9393,9394,9395,9396,9397,9398,9400,9391,9389,1718,1717,7764,9516,1174,1173,1172,1171,1170,1169,1168,1167,1166,1165,15342,15341,15340,15344,15345,15343,9243,9242,9241,9240,8965,8964,8959,8969,8968,8962,8966,8970,8961,8967,8960,8971,8963,8958,15335,15334,2125,2124,2131,2123,2130,2129,2128,2126,2127,726,727,728,725,724,15288,15287,8529,7688,7687,6686,6687,6685,6688,6689,6683,6690,6684,9857,10084,5522,5523,8002,8869,8874,8872,8871,8868,8867,8875,8873,8870,9446,5840,5839,5841,5836,5835,5842,5834,5833,5837,5838,9823,9892,9891,8761,8760,8759,8757,8758,8762,12885,12882,12881,12884,12883,5233,9308,9305,9306,9300,9302,9309,9295,9307,9297,9303,9301,9304,9296,9298,9294,9299,7951,1753,9247,9553,9549,9552,9551,9550,9554,12907,6345,6342,6341,6340,6344,6347,6346,6343,1028,6639,6578,6681,6682,8649,8648,15641,15647,15648,15646,15645,15643,15644,15640,15642,8955,8954,8956,15255,15256,15257,15260,15253,15254,15258,15259,9416,1506,5514,5513,5515,5512,5511,5510,5509,5508,5507,5506,9998,9997,5978,10076,1749,1750,1751,1752,1748,9227,9234,9233,9232,9231,9229,9228,9230,15834,15835,15838,15836,15837,15833,13012,13017,13011,13010,13009,13016,13008,13014,13007,13005,13015,13018,13006,13013,10083,1258,9790,15779,15778,15776,15777,12785,8877,13003,13004,9759,10225,13054,9667,12970,15325,15317,15315,15322,15323,15314,15324,15321,15320,15318,15312,15316,15327,15330,15329,15313,15328,15319,15326,2713,2712,2711,2710,2714,2708,2707,2706,2715,2709,2705,9057,9061,9056,9060,9055,9054,9053,9058,9059,9052,3080,9417,8001,9324,9103,9104,9102,12927,12926,12924,12925,12923,6358,6705,6706,6707,7851,10216,10215,10214,10209,10213,10210,10212,10211,10208,6729,6725,6726,6728,6731,6727,6730,845,9371,9470,6246,6245,2377,2387,2378,2386,2385,2384,2383,2382,2380,2379,2381,15265,15262,15264,15261,15263,777,785,786,778,781,780,783,779,782,784,6173,6182,6174,6176,6177,6178,6179,6180,6175,6181,8816,8815,8818,8819,8820,8814,8817,9119,9109,9105,9106,9111,9113,9110,9108,9114,9112,9107,13053,6640,10115,9213,9214,9215,9226,9225,9217,9223,9221,9216,9219,9224,9222,9218,9220,5958,5957,5956,10303,6104,2270,12745,12744,12743,12742,12740,12741,2702,2700,2701,2699,2704,2703,2042,916,9856,9855,9853,9852,9854,15390,14957,5287,5286,5285,9655,1754,1709,9783,10155,13059,13060,13061,13062,13083,13084,13082,13081,13080,13079,13077,13078,13052,1723,8743,8740,8745,8741,8747,8744,8739,8746,8738,8737,8736,8742,7954,7953,7952,9246,6577,7824,2595,12980,6248,6247,10405,10406,13104,13103,7843,7845,7844,5624,5620,5625,5626,5622,5623,5621,5627,5619,5628,15722,15720,15721,1023,1024,5170,9401,9404,9403,9402,1446,9212,9211,8849,8848,8850,8847,8851,2347,9517,10272,10273,2157,2158,2159,10253,1731,1732,1734,1733,15839,12972,12971,12974,12975,12976,12977,12978,12973,1273,9518,9519,9520,14759,14757,14755,14756,14758,8987,8988,6484,6483,15634,3095,8409,8410,8408,8411,15715,15709,15710,15711,15712,15713,15714,15717,15718,15719,15716,8985,8981,8982,8983,8984,921,9443,9445,9444,9442,15609,15611,15610,15615,15612,15613,15614,15616,15617,2604,2603,5564,12985,10072,12891,12902,12890,12889,12887,12906,12903,12904,12892,12905,12888,12893,12899,12900,12895,12896,12901,12897,12898,12886,12894,6520,1773,6296,6297,6298,6295,6294,6293,6299,15691,15687,15688,15689,15685,15690,15686,15692,15699,15694,15700,15698,15697,15696,15695,15693,12701,12699,12700,12698,12706,12705,12704,12703,12702,12692,12694,12695,12696,12693,12697,2375,1469,7998,7999,8000,12807,12712,2011,2013,2010,2012,2009,5950,5948,5947,5946,5951,5949,1842,10221,10222,12966,2768,5517,12982,12983,12984,12981,6693,14643,5591,9724,9717,9718,9719,9725,9727,9720,9721,9722,9728,9723,9726,5462,5461,5463,5464,5465,5466,2035,1568,8879,8878,9120,9121,12780,12779,12778,12777,12782,12775,12784,12783,12774,12781,12776,6232,6233,6231,7804,9364,5989,5992,5991,5990,9751,9750,9749,9748,9746,9745,9744,9747,9731,9739,9741,9735,9740,9742,9736,9737,9734,9733,9743,9732,9729,9738,9730,6239,15358,15193,15175,15192,15191,15190,15189,15188,15186,15179,15185,15184,15183,15176,15180,15177,15178,15187,15181,15182,9235,9236,9237,9238,9239,3918,3919,3920,3921,3764,3767,3766,3772,3770,3765,3771,3769,3768,6162,2928,15069,15070,8216,8217,8912,8916,8923,8920,8921,8915,8922,8917,8918,8919,8913,8914,3133,15799,15805,15798,15797,15786,15801,15800,15803,15806,15796,15804,15795,15787,15789,15802,15793,15794,15788,15791,15792,15790,10000,1865,10496,999,12965,2927,10356,9419,9418,9420,5986,5988,5985,5984,5987,3094,13076,7704,7705,7706,10354,15812,5297,15774,15775,15771,15772,15773,6615,2362,8516,8518,8519,8517,8515,8520,6099,15824,15828,15826,15831,15827,15830,15825,15829,15832,15823,9330,9329,9332,9327,9325,9328,9331,9326,15360,2223,2216,2215,2220,2224,2222,2219,2217,2218,2221,8336,8335,9595,10304,10312,10311,10309,10308,10307,10310,10305,10306,6497,6496,9074,9067,9068,9072,9069,9077,9071,9075,9073,9076,9070,9064,9293,9292,9291,9688,10410,1586,2458,2457,2455,2454,2461,2460,2459,2456,5945,5943,5944,3228,3232,3233,3229,3235,3231,3230,3234,3227,1560,1561,15068,8804,8797,8796,8789,8790,8791,8792,8803,8794,8795,8798,8799,8801,8802,8793,8800,15267,12867,12866,12855,12865,12856,12857,12864,12858,12854,12872,12861,12870,12863,12869,12862,12868,12871,12859,12860,2754,9505,9506,15251,15250,15249,9122,15349,15350,15346,15347,15348,1274,1275,8212,8213,10534,10537,10535,10536,2100,2096,2097,2095,2098,2099,2101,2102,2092,2091,2090,2103,2094,2089,2093,9592,9248,2850,10031,5769,1961,1960,9078,8414,3058,9427,9439,9436,9425,9421,9422,9423,9424,9433,9438,9426,9430,9432,9429,9434,9428,9435,9437,9431,1411,2869,10508,10507,5762,5763,8957,12678,12679,12681,12680,15195,15196,15194,15225,15231,15234,15233,15232,15236,15230,15229,15224,15228,15227,15238,15226,15239,15237,15235,2877,2876,14780,809,808,9758,2388,9019,9009,9005,9004,9003,9018,9021,8997,9008,8996,9015,9002,9016,9017,9006,9007,9001,9000,9010,9011,8999,8998,9024,9013,9014,9023,9022,9020,9012,8904,2950,15126,10154,3650,8853,3196,15201,15197,15219,15218,15216,15215,15214,15213,15212,15211,15210,15209,15208,15207,15206,15205,15217,15203,15202,15200,15198,15199,15204,2463,2462,5389,5390,5392,5391,8989,9376,9377,9378,9379,3279,3060,6016,6015,6014,6013,800,799,801,9918,2893,2036,2037,9947,9948,9945,9946,9949,8880,9413,9412,9411,9410,9407,9409,9406,9408,9405,9414,15248,9245,2605,5530,5529,5528,5527,14963,14962,5765,5767,5766,9333,2105,2106,2104,2107,2108,2109,15353,15354,15356,15352,15355,15351,15357,9387,9386,9337,12690,12691,8992,8993,8994,8990,8991,6172,9941,9547,9546,10251,10252,2822,14929,14932,14928,14930,14931,14938,14937,14933,14934,14935,14936,9415,5618,2897,9063,9062,7889,1737,1736,8953,8952,8951,8950,8949,8948,8979,8978,8977,8975,8976,8973,8972,8974,5504,2474,2473,2472,2471,2032,2030,2034,2033,2031,9118,9117,14564,14565,14566,14567,14563,15039,2968,2967,8865,8861,8862,8866,8863,8864,1688,1689,1690,9511,9512,9510,9507,9509,9513,9514,9515,9508,10602,10595,10609,10608,10603,10606,10605,10607,10601,10597,10598,10600,10604,10596,10599,15174,9953,9952,9954,9471,2721,2722,2729,2730,2724,2726,2727,2728,2720,2723,2725,2717,2719,2718,2716,9982,8748,3096,5467,5470,5469,5468,2987,9065,9066,8852,9914,7763,14840,14841,8980,10254,7955,14794,2775,13343,13350,13347,13342,13348,13344,13345,13352,13353,13349,13351,13346,9631,9626,9627,9628,9629,9630,2225,2226,8881,3201,3154,2870,2871,5264,5524,5526,5525,9694,15373,15374,15375,15361,15362,15372,15371,15364,15376,15365,15377,15367,15368,15369,15370,15363,15366,2112,2113,15040,15041,15042,15047,15052,15051,15044,15046,15043,15050,15049,15048,15045,14727,8766,8767,8768,8765,8764,8763,2043,9171,9176,9167,9179,9182,9170,9168,9169,9172,9174,9163,9177,9180,9181,9166,9165,9164,9178,9175,9173,14981,3157,15166,9441,9490,9487,9486,9485,9493,9492,9484,9488,9494,9495,9496,9497,9483,9491,9489,15122,15123,15124,15125,6987,6988,6989,6986,6984,6985,8679,8680,8681,8678,9156,9388,3150,3151,3149,6301,10197,10198,10195,10196,16008,16009,9545,9544,9534,9532,9535,9533,9536,9543,9538,9539,9541,9542,9540,9537,2784,5872,7797,7796,15120,16162,5325,5320,5322,5323,5324,5321,8995,6411,7761,15058,14795,9447,6375,6374,6373,6372,6371,6370,8986,3134,6261,9123,2736,14982,5667,2041,2075,2076,2077,8028,9612,9614,9613,9610,9611,14670,6829,6828,6827,6826,6830,5262,2765,14615,14616,14613,14612,14611,14610,14614,2747,5316,2970,2969,9098,9100,9097,9095,9096,9099,9101,15067,2985,1499,1500,9184,9183,3120,3084,7805,3155,3156,2898,13162,13166,13159,13160,13165,13161,13163,13164,2517,2516,2515,2518,2514,2513,12849,12850,12851,15075,15076,15074,3195,2824,14983,2983,8856,8859,8854,8855,8857,8860,8858,7896,7894,7893,7892,7895,9632,13285,9031,9035,9034,9029,9033,9037,9030,9036,9032,9038,2799,10422,10416,10412,10413,10414,10415,10411,10418,10419,10420,10421,10423,10417,10424,10425,10426,2894,9504,9288,9287,2589,2790,2789,2788,2791,2792,15147,15146,15605,15608,15607,15606,15604,10455,2651,7487,9362,9361,9363,9355,9359,9358,9357,9356,9354,9353,9360,2764,9473,15807,3238,15810,15811,3146,3000,14944,14942,14945,14946,14947,14943,14949,14950,14951,14948,9599,9598,2931,8942,8947,8946,8945,8944,8943,8941,8940,8939,8934,8938,8937,8936,8935,7106,8786,8787,8788,1811,7374,7373,14621,12932,12933,12934,12935,12936,12939,12938,12937,10698,10699,10697,10701,10702,10704,10705,10706,10707,10708,10709,10711,10700,10703,10710,6012,6009,6011,6010,3001,5173,5175,5176,5177,5178,5172,5171,5174,2006,2007,2008,10533,10532,10531,2162,2163,2164,2165,9903,16184,5630,3193,2954,6149,16110,16109,16137,16138,16139,7890,7891,9289,13233,8837,8836,8835,8834,8833,8832,8831,8830,8828,8829,12658,12657,1083,1084,1085,2973,8728,8726,8725,8727,14728,2596,2597,2598,14858,2698,2691,2685,2694,2690,2689,2684,2683,2695,2688,2692,2693,2687,2697,2686,2696,14764,14763,2289,2291,2292,2288,2290,2293,2286,2294,2295,2287,10460,9157,9162,9158,9159,9160,9161,2594,796,2895,10505,9689,2111,2110,2233,2232,8891,8897,8896,8895,8898,8899,8900,8892,8902,8901,8888,8890,8903,8894,8889,8893,1151,1150,2766,2250,10690,10691,10692,10696,10693,10694,10695,14986,14987,2554,2547,2552,2551,2550,2549,2548,2555,2556,2557,2558,2553,2546,2545,7829,5980,5981,3121,9568,9566,9567,9569,10289,10290,10291,2929,3123,3122,8749,7856,7855,3091,3277,14680,14681,14682,3236,2818,2601,2602,2600,10544,10552,10551,10550,10540,10541,10542,10549,10548,10538,10547,10546,10545,10543,10539,9244,9469,15740,8885,1354,1444,1443,7224,7225,2052,2051,2050,2049,2048,2166,1914,803,10235,15167,15168,11124,3132,3131,10475,10476,10472,10473,10474,5402,5401,2741,15121,7548,5505,1983,1702,1456,16159,1011,6824,6822,6821,6823,6820,3180,3181,3182,3183,3184,14754,1316,1317,15769,15767,15770,15766,15765,15764,15768,14622,14623,14624,5448,5449,5451,5452,5453,5454,5455,5450,9644,9643,9645,9650,9647,9648,9649,9646,14856,14855,14857,2590,2591,2592,2593,3297,7589,7599,7590,7595,7598,7591,7592,7597,7596,7586,7585,7594,7587,7588,7593,3093,7152,1880,15038,6817,6819,6818,6045,6046,958,957,956,959,1339,14669,9334,15808,15809,1623,2803,7803,7802,1480,9116,12930,12931,2801,6082,7124,7123,8754,8753,8752,8751,8750,8755,8756,7521,7665,3912,3913,3911,9482,2084,2085,2086,2087,2088,2214,3117,5677,5678,7028,7009,7010,7011,7012,7013,7014,7015,7016,7006,7005,7017,7018,7008,7019,7004,7003,7021,7002,7001,7000,7022,7023,7024,7025,7026,7027,7020,7007,10686,7336,6184,1289,15909,15911,15912,15919,15913,15917,15914,15918,15904,15905,15920,15915,15916,15906,15907,15908,15910,5184,5186,5181,5183,5182,5185,3028,2732,2731,7846,1033,14625,1557,1556,10239,7462,15394,15395,14668,3145,4139,4140,4138,4141,4142,4137,4136,3190,3114,3115,7325,3917,3916,1058,14964,14971,14965,14969,14968,14974,14972,14966,14970,14967,14973,7703,1325,14630,14631,14632,14633,14634,14635,14629,14636,14637,12848,12847,9440,7280,7269,7278,7277,7276,7275,7282,7274,7270,7279,7271,7281,7273,7272,14675,13099,13098,13097,13096,951,10119,9996,2064,2607,2606,14689,12643,12644,12645,12646,12647,12642,12648,12649,12641,12638,12637,12635,12640,12639,12636,12634,12633,10199,16385,1925,1924,1923,1922,1919,1920,1926,1915,1918,1917,1921,1916,1927,1928,1929,5669,5671,5670,5668,2881,2882,2884,2883,1021,1022,2821,14793,6696,10458,10459,12767,12768,12763,12762,12761,12764,12772,12760,12765,12766,12771,12770,12769,12773,7142,12873,12852,6183,10375,2628,2640,2632,2639,2629,2634,2631,2637,2636,2633,2635,2630,2638,15071,10502,10500,10497,10504,10499,10501,10503,10498,13473,13469,13468,13471,13470,13472,3187,3186,8706,8709,8710,8711,8707,8705,8708,8703,8704,8698,8699,8700,8701,8702,15091,15730,15727,15726,15733,15723,15734,15732,15725,15724,15735,15731,15736,15737,15738,15739,15729,15728,3251,3247,3242,3249,3243,3246,3245,3244,3248,3255,3254,3253,3256,3250,3252,13800,13795,13794,13782,13783,13793,13792,13791,13790,13784,13778,13785,13803,13786,13787,13788,13804,13805,13806,13796,13797,13789,13802,13798,13801,13781,13779,13780,13799,15658,15665,15662,15666,15660,15661,15664,15663,15659,8106,11917,11920,11915,11913,11914,11916,11919,11918,3276,3275,2622,2611,2608,2609,2610,2613,2612,2614,2619,2621,2626,2618,2627,2616,2625,2617,2623,2615,2624,2620,2994,14709,9472,2990,2988,2989,1575,1555,3054,14642,14641,14640,14639,9322,9323,13100,6873,6872,2800,15140,15139,15142,15141,15138,2681,2682,9523,9522,9524,10407,9972,6832,1466,11802,3787,3802,3801,3799,3798,3797,3800,3795,3794,3793,3792,3791,3790,3789,3788,3796,4122,4121,14787,14786,14785,14784,14789,14783,14782,14788,15387,15386,15385,9681,2836,2844,2841,2840,2833,2837,2838,2843,2835,2834,2839,2842,10223,5272,4190,4192,4193,4200,4195,4199,4198,4197,4196,4189,4191,4194,12979,8484,8485,8483,8071,14803,14800,14801,14802,14798,14799,1947,1953,1948,1949,1950,1952,1951,4172,4173,4174,4175,4176,4177,4178,10427,15128,15127,1421,1420,6037,6039,6038,6871,6869,6870,1318,4179,4180,4004,4000,4001,4002,4005,3999,4003,12969,2961,2210,2209,8407,4120,7710,7711,7708,7709,7707,10201,10203,10202,2810,14904,14905,14903,14899,14901,14900,14898,14902,14897,14896,14895,10224,10384,10385,3081,3082,5612,5611,7356,7354,7348,7347,7346,7350,7343,7357,7344,7351,7352,7353,7349,7355,7345,7326,7327,7328,7329,16410,16411,16412,16264,6951,9925,9919,9922,9923,9924,9920,9921,10593,3273,3649,3141,3138,3137,3136,3135,3139,3140,3142,2878,4275,16452,16453,16445,16443,16449,16447,16450,16451,16448,16446,16444,2213,2211,2212,4288,4287,12909,13101,3200,3197,3198,3199,9481,9475,9478,9480,9479,9476,9477,2268,2269,2266,2264,2263,2267,2265,3192,3191,13751,13745,13755,13757,13756,13758,13759,13743,13744,13746,13747,13753,13760,13762,13763,13764,13765,13766,13748,13749,13752,13750,13761,13754,7459,7452,7451,7450,7453,7449,7455,7460,7456,7457,7458,7461,7454,6365,6364,6363,6362,6361,6367,6368,6369,6366,15396,4111,4110,4114,4104,4105,4106,4113,4112,4109,4108,4107,12672,12673,9340,9351,9339,9338,9343,9344,9345,9346,9347,9348,9349,9350,9341,9352,9342,7666,2763,12671,832,8628,8627,16317,16318,16319,16320,16321,16322,16316,16315,12689,12688,4244,4243,4242,4241,4240,4239,4238,4245,15073,4785,4791,4784,4790,4780,4781,4782,4792,4789,4797,4796,4793,4787,4795,4786,4794,4788,4783,14959,14960,14961,12831,12832,12834,12833,8908,8909,8905,8907,8906,8910,8911,3079,3866,9700,9702,9703,9704,9705,9706,9701,9698,9697,9696,9714,9712,9711,9710,9709,9699,9713,9708,9707,7522,14847,14846,3062,3063,3067,3061,3068,3069,3070,3064,3071,3073,3074,3075,3076,3077,3078,3066,3072,3065,2748,4147,4144,4146,4145,4151,4150,4149,4148,4152,14603,5403,5404,5405,5406,5407,15638,15637,15636,15639,14791,4236,6978,10140,10141,10142,10143,10144,10145,10149,10148,10139,10146,10147,10376,14185,3098,3097,4022,7634,5594,5599,5598,5595,5601,5600,5602,5596,5597,11087,12800,12795,12799,12797,12798,12796,3124,5976,5975,12953,12952,4006,12687,12686,12685,12684,12683,12682,4119,4123,8569,16272,16271,4339,15707,15708,12624,12630,12629,12628,12627,12626,12625,12632,12623,12631,12618,12622,12619,12621,12620,12917,732,2208,6272,10138,1972,1123,3271,4115,4116,6408,6403,6409,6402,6405,6406,6407,6404,830,828,827,826,825,824,823,829,3526,3522,3532,3530,3529,3528,3531,3525,3524,3523,3527,15780,15784,15783,15782,15781,3239,3240,3241,6643,7686,7685,7684,7680,7679,1956,1957,1958,1959,9865,9875,9874,9873,9872,9869,9870,9876,9868,9867,9866,9864,9863,9862,9861,9871,9877,9887,9886,9885,9884,9883,9882,9881,9888,9880,9889,9878,9879,4051,4052,6973,6970,6972,6975,6969,6974,6977,6967,6971,6976,6966,6965,6964,6963,6962,6968,16354,15656,15652,15654,15653,15649,15650,15651,15655,3272,9050,9049,9042,9046,9045,9044,9043,9047,9048,6412,4125,4124,16208,16207,16206,16205,16395,2053,16426,3130,3129,6481,6482,6480,6477,6476,6479,6478,13361,13363,13362,4248,13381,15684,2762,1704,1705,1703,1706,7172,2996,2999,2998,2997,10232,10233,10234,10230,10231,2161,8887,8886,10352,4279,4278,4277,4280,4276,16400,16399,16397,16398,15379,15381,15382,15383,15380,15378,15384,7735,7736,7737,7738,7733,7739,7731,7730,7745,7744,7734,7743,7742,7741,7740,7732,4304,12749,12750,12757,12756,12755,12754,12753,12752,12746,12747,12748,12751,12759,12758,11167,739,10555,10554,10553,10566,10565,10564,10563,10567,10561,10562,10559,10558,10557,10556,10560,10568,11035,11029,11030,11031,11032,11036,11034,11033,11542,11544,11543,11545,11546,4246,6669,6668,6667,6666,6665,6664,6662,6663,6661,6659,6658,6657,6660,831,2991,2733,16269,16270,6757,753,752,750,745,746,747,749,748,751,1970,15601,15600,15603,15602,15599,12806,12803,12804,12805,3967,3969,3968,3966,9051,2777,16404,6423,6422,4203,4208,4201,4202,4204,4207,4205,4206,11166,11165,11164,11163,16210,16222,16221,16220,16211,16215,16216,16213,16217,16212,16219,16218,16214,4159,4160,16396,6310,6311,6312,6313,6314,6315,6309,2297,2296,11201,11200,14870,8029,8031,8032,8030,454,14888,14885,14892,14890,14891,14893,14886,14884,14887,14889,7628,7629,7630,7632,7631,7633,1670,1662,1663,1664,1665,1666,1667,1668,1660,1661,1669,1655,1656,1659,1658,1657,2853,14843,14842,2753,2751,2750,2752,7147,15934,10509,16166,2972,2971,3521,3520,10811,3865,3864,3863,3049,9597,8033,2974,2493,2491,2492,11416,6458,6457,6448,6454,6446,6452,6447,6451,6456,6445,6449,6444,6443,6455,6450,6453,2885,6487,6488,16384,4257,4258,4256,6582,6579,6583,6580,6585,6584,6581,3046,3045,3048,3044,3047,2993,16158,16157,14589,14592,14590,14591,14581,14587,14582,14575,14576,14577,14578,14579,14586,14585,14584,14583,14588,14580,1629,1628,16479,16478,16477,7933,7924,7931,7930,7925,7926,7932,7927,7928,7929,13123,13124,4007,4013,4009,4014,4008,4010,4011,4012,7062,11660,2913,16278,16279,1262,1036,4289,9904,9905,7148,7149,16265,16266,16267,3143,4185,4186,4187,4188,16355,16356,16357,16358,1840,1839,1837,1838,4753,4751,4752,4754,4755,4749,4756,4750,1409,1408,1407,11514,11518,11510,11512,11516,11517,11519,11515,11513,11511,11509,11618,4158,16348,16349,16350,16351,4261,4260,4262,4259,7568,8805,740,9468,9460,9467,9465,9464,9463,9462,9461,9459,9466,9448,9449,9450,9457,9456,9455,9454,9451,9452,9458,9453,1622,7468,7467,7470,7471,7466,7463,7464,7465,7469,14907,5942,9368,9367,9366,9369,622,618,619,621,617,620,4250,4251,6586,6587,6588,6589,6590,6591,6592,6593,6306,16438,16437,16436,8072,16493,5408,5409,11928,11929,11927,11922,11926,11925,11921,11924,11923,1037,9370,5503,6722,6721,6720,6719,6718,5179,6471,6472,6473,6470,6474,7910,10895,16401,301,468,469,470,466,465,464,463,462,461,467,16432,16431,16430,16435,16429,16433,16427,16428,16434,1908,129,128,16243,16242,16254,16252,16241,16251,16240,16250,16249,16248,16253,16246,16245,16244,16247,4232,4233,4234,4235,10894,591,593,592,590,2480,2481,2482,2483,2484,2485,3945,6602,6611,6612,6613,6608,6614,6607,6606,6605,6604,6600,6601,6609,6610,6603,6463,6460,6464,6465,6466,6469,6468,6461,6467,6459,6462,989,988,2783,4135,10102,10101,1814,10587,10588,10581,10580,10578,10585,10575,10584,10583,10582,10577,10579,10576,10586,10574,10573,14137,6576,2641,2642,2649,2644,2645,2646,2647,2648,2650,2643,4963,4956,4962,4957,4959,4958,4961,4960,1156,6360,7213,7214,7220,7221,7222,7215,7216,7219,7218,7217,7675,7670,7678,7671,7672,7673,7676,7674,7677,7527,7530,7531,7534,7533,7528,7526,7532,7529,11655,11656,11657,11658,359,14775,2072,2073,2074,680,11463,6680,7700,7699,7695,7698,7697,7694,7696,6702,6698,6699,6700,6704,6701,6703,4285,10725,10717,10726,10722,10724,10723,10716,10712,10713,10715,10718,10714,10719,10720,10721,5331,5330,9579,5686,5690,5691,5689,5688,5692,5685,5687,14602,5806,3707,8724,8091,7946,7944,7947,7943,7948,7937,7949,7935,7938,7950,7940,7939,7936,7934,7945,7941,7942,7683,2955,2956,2957,2958,2959,1210,1209,9642,9641,9640,9639,9633,9636,9638,9634,9637,9635,5614,5613,5615,5616,5617,9603,9602,9605,9601,9606,9600,9604,14288,14290,14289,4338,4337,16486,8697,11932,3507,3508,3506,4309,4286,8676,8673,8675,8672,8667,8668,8669,8670,8671,8674,8677,16204,16201,16202,16200,16199,16198,16197,16196,16203,16195,4335,4334,4336,4031,4032,4033,3092,13997,13986,13995,13987,13989,13984,13996,13988,13994,13990,13991,13993,13985,13983,13992,7871,7870,4214,4213,4211,4210,4209,4215,4212,4216,4217,4219,4220,4221,4218,6187,6599,6598,6596,6597,2868,16481,5648,2776,4353,4352,4225,4224,6628,6637,6638,6629,6632,6636,6631,6635,6634,6633,6630,6627,6623,6625,6626,6624,6622,6621,4933,2984,6574,6575,4878,4879,4880,4881,4882,4883,4884,4877,4876,4885,4888,4875,4886,4874,4887,6569,6570,6571,3696,3695,3697,3694,3698,3699,4249,7997,10679,10677,10683,10680,10681,10682,10678,15561,15564,15563,15562,15565,15560,393,392,391,394,14848,3051,7058,8075,8076,8073,8077,8078,8079,8080,8085,8086,8081,8082,8074,8083,8084,8087,8049,8053,8050,8051,8048,8047,8045,8054,8044,8052,8043,8042,8046,9822,11878,1063,1062,1061,3099,3101,3100,2854,7842,6713,6714,6715,6716,6717,7759,7760,7750,7752,7753,7754,7755,7756,7757,7751,7758,14854,2204,2203,2202,2207,2206,2205,6595,1982,14356,14355,14357,14358,3221,3223,3222,3220,16280,16281,16282,16283,16284,16287,16286,16285,16288,16302,16307,16303,16304,16298,16297,16308,16306,16305,16300,16301,16295,16294,16293,16292,16291,16290,16289,16296,16299,10463,899,898,902,901,900,3059,16546,16543,16544,16547,16545,14354,9664,6641,14035,14033,14034,16419,16416,16415,16414,16418,16417,16413,15657,4181,3090,1633,2805,2806,2804,14696,14698,14694,14693,14692,14691,14690,14697,14695,1302,1301,1296,1295,1303,1297,1294,1299,1300,1298,2245,1546,1545,1544,1543,1816,1819,1818,1817,9804,9803,9802,3144,8550,2018,2017,2016,2020,2022,2015,2014,2019,2021,113,114,11179,11177,11173,11172,11171,11176,11170,11180,11168,11178,11169,11174,11175,285,284,13129,13130,13133,13131,13132,2537,3835,3836,5818,5819,5817,10077,693,695,696,694,14155,14156,14157,13368,13369,10315,10314,10319,10313,10318,10317,10316,1291,1292,4086,4085,4084,4083,4088,4087,4079,4082,4090,4091,4078,4092,4089,4080,4077,4081,4308,14865,14866,1158,15005,15009,15007,15008,15006,11905,11908,11909,11910,11906,11907,11904,11076,11074,11075,11077,15310,15309,15311,15308,3152,16274,16275,16273,3922,16172,16169,16175,16176,16177,16179,16170,16178,16173,16174,16171,8223,8222,8221,8220,8224,11584,10448,10447,10446,10444,10445,10441,10440,10442,10443,14620,14619,14618,13842,13843,13844,3126,1431,2832,2830,2831,2829,2828,14359,13836,1403,1406,1405,1404,1827,13624,8010,8008,8009,13727,13728,13729,13730,1455,1454,10896,1652,1653,10510,448,445,441,442,443,444,450,451,452,449,447,446,440,453,15820,15822,15821,15819,15337,8059,8057,8056,8055,8060,8063,8064,8058,8066,8067,8062,8068,8061,8065,603,604,6642,10782,10783,716,16187,16186,16185,2744,2743,2745,2742,9115,15245,15246,15242,15243,15244,15241,15240,267,268,269,265,266,263,262,254,255,256,257,258,259,264,260,261,15283,15284,15286,15285,15338,10035,3052,1930,1940,1939,1934,1936,1938,1931,1937,1932,1935,1933,4273,4272,4271,4270,4269,4268,4267,4266,4265,4263,4264,13878,13879,13877,15266,3116,11743,11742,11735,11741,11740,11739,11738,11734,11737,11736,7423,7424,7422,7416,7425,7426,7427,7419,7418,7415,7417,7421,7420,4281,4282,4283,4284,10687,10688,10689,6511,14555,4019,4018,5695,5694,59,9683,9682,9687,9685,9684,9686,6424,6425,6433,6431,6434,6432,6436,6435,6430,6426,6438,6439,6440,6441,6428,6427,6437,6429,15119,14488,14490,14491,14492,14493,14489,4466,4469,4470,4471,4472,4465,4464,4463,4467,4462,4468,13820,13819,13818,10999,11000,11001,1941,1942,15296,15290,15295,15291,15298,15297,15293,15294,15289,15292,4076,4054,4074,4073,4072,4071,4070,4069,4068,4067,4066,4065,4063,4062,4061,4060,4059,4058,4057,4056,4055,4064,4075,4118,15132,15418,15419,15414,15415,15416,15413,15417,15412,4053,14781,16324,16325,16323,8038,8040,8041,8037,8034,8039,8036,8035,2144,2145,15635,8090,2735,2734,689,681,682,683,684,690,688,686,687,685,11651,11652,11653,11654,11650,11343,11342,11330,11331,11332,11333,11334,11335,11336,11344,11341,11340,11339,11338,11337,221,222,223,225,226,227,228,229,230,224,13970,2879,2880,7061,7059,7060,9780,8236,14626,14275,14273,14278,14277,14276,14272,14271,14270,14269,14274,14268,16167,2004,2005,2002,2001,2000,1999,2003,10832,10831,10833,10829,10830,16268,3015,3016,3017,3018,3019,3020,3021,3027,3026,3025,3022,3024,3014,3023,3012,3013,16331,16329,16334,16328,16327,16326,16333,16330,16332,16335,4307,4306,15272,15268,15269,15273,15270,15271,3125,15135,4050,4049,10792,3085,3086,9663,2277,2274,2276,2275,9981,9977,9978,9979,9980,2820,14998,14999,15000,7391,7392,7393,7394,7395,7390,8651,8652,8665,8653,8654,8655,8656,8657,8666,8658,8660,8661,8650,8662,8663,8664,8659,14869,2953,16309,16313,16311,16312,16314,16310,8476,13264,13267,13265,13263,13262,13261,13260,13259,13258,13256,13268,13269,13270,13271,13272,13273,13274,13275,13277,13257,13276,13266,3994,3992,3993,3997,3996,3995,4644,4643,705,11290,11285,11286,11287,11288,11289,11300,11291,11293,11294,11295,11296,11292,11298,11297,11299,14100,14101,14102,14628,16263,16262,14556,15331,10439,8417,8415,8416,8418,15542,15541,15540,15543,15155,15156,1845,11572,11574,11575,11577,11573,11576,14541,14542,14544,14545,14543,14850,11437,11439,11440,11441,11442,11438,11443,7681,7682,3278,14667,13250,13251,13252,13253,794,793,795,4642,7122,7121,7120,7116,7119,7118,7117,7115,16425,1520,1521,1516,1519,1517,1522,1523,1518,1525,1526,1527,1528,1533,1532,1531,1524,1529,1530,1820,13731,13356,15926,15927,15928,15925,15924,6953,11503,11502,11501,11500,11499,11498,11497,11494,11495,11504,11505,11506,11507,11508,11496,5061,15496,15499,15497,15498,15500,861,1909,14627,6218,6204,6217,6216,6215,6203,6206,6207,6214,6213,6212,6208,6209,6205,6210,6211,6202,6201,6219,6200,6199,3362,3373,3372,3371,3370,3368,3369,3366,3365,3364,3363,3367,11140,11931,11930,2083,2082,16482,15001,16488,16487,16490,16491,16492,16489,4645,6594,1511,1509,1510,1507,1512,1513,1514,1515,1508,16423,16422,16421,16420,16424,10153,5084,5085,5086,5087,1573,1569,1570,1571,1572,1574,4169,4171,4170,4168,1034,2802,14845,11733,11732,14520,16441,1654,16339,16337,16346,16341,16347,16342,16344,16343,16340,16345,16338,16569,15056,15055,15054,15053,15057,16516,4323,4321,4322,4311,4319,4318,4317,4316,4315,4320,4314,4313,4324,4325,4312,13845,13846,1484,12739,4536,4535,4534,13158,13157,13156,10132,10133,10134,10135,10127,10128,10136,10129,10137,10131,10130,886,893,891,887,890,889,888,885,892,884,15475,15476,15477,15473,15480,15481,15482,15483,15484,15485,15479,15486,15487,15488,15489,15490,15474,15478,4571,4564,4572,4568,4573,4574,4575,4576,4577,4578,4567,4569,4570,4565,4579,4580,4581,4566,13644,733,8354,15569,15567,15570,15571,15572,15573,15568,15574,274,280,279,278,277,276,275,270,273,271,272,7493,2238,2239,2243,2237,2240,2244,2236,2241,2234,2242,2235,2926,2925,11053,539,14518,14517,1696,1697,1823,3315,4167,14402,14412,14410,14401,14409,14408,14407,14406,14405,14404,14403,14413,14411,14414,14421,14415,14416,14417,14418,14419,14420,16336,14952,14953,10869,10870,10874,10873,10872,10871,4254,4255,4253,4117,2864,6983,6982,6981,6980,6550,6556,6549,6557,6548,6542,6543,6544,6555,6554,6553,6545,6552,6551,6547,6546,8101,8100,744,743,742,741,14984,14546,3087,12948,12947,12946,12944,12945,12941,12950,12942,12943,12949,10492,10490,10489,10495,10491,10494,10493,15628,15631,15632,15633,15630,15629,15457,6760,6768,6767,6766,6761,6758,6765,6764,6759,6763,6762,10589,10592,10590,10591,15618,15627,15626,15625,15624,15619,15623,15622,15621,15620,15133,1496,1497,2932,8419,3603,3604,3602,14849,4615,4614,213,214,215,216,217,210,208,211,209,212,14774,14769,14770,14766,14772,14768,14767,14771,14773,10353,14760,14761,4599,4597,4596,4595,4594,4593,4592,4591,4590,4589,4588,4598,2139,8434,8435,8436,8437,8438,8445,8440,8441,8442,8443,8444,8446,8447,8439,8448,16484,16483,16440,13310,13320,13321,13322,13319,13318,13317,13305,13316,13306,13309,13307,13315,13308,13314,13311,13312,13313,1307,2798,3050,4301,4300,4302,4303,7624,7625,7626,7627,13341,13965,13969,13967,13966,13964,13968,12396,4923,4922,304,303,8133,12375,12376,12374,12373,1864,1863,1860,1861,1862,15100,4711,4710,11879,11880,11881,11882,8209,8208,8206,8205,8204,8203,8202,8201,8200,8199,8210,8207,4723,4718,4724,4719,4726,4725,4728,4729,4721,4727,4730,4722,4720,4717,13660,13661,13659,13278,14805,4410,4402,4403,4404,4405,4409,4401,4411,4412,4408,4406,4407,14806,15531,15103,15104,15105,15101,15102,15589,15588,15587,15584,15586,15585,10516,10522,10520,10525,10524,10526,10523,10512,10519,10513,10514,10515,10518,10517,10521,16409,13254,13255,12405,12404,12403,12402,767,768,757,758,759,760,761,762,755,756,766,769,765,764,763,4547,4548,4538,4540,4541,4542,4543,4544,4545,4546,4539,8723,8722,8721,8720,3009,14648,14647,10594,8883,8884,8882,15532,15533,15534,15537,15536,15539,15538,15535,2809,2823,9792,5026,5027,5025,13191,10511,3089,3088,2874,15393,15392,3188,14920,14919,14921,14918,4970,2808,5037,7545,7547,7546,16209,12401,12399,12400,13375,13374,13373,13376,13377,13378,13372,13379,13371,13380,10362,4143,3185,15893,13122,3225,15450,15451,15452,15453,15454,15455,15456,15137,9926,15388,15389,8292,30,31,12908,13415,2740,2737,2738,2739,3053,3153,10530,14908,10807,10802,10809,10803,10804,10805,10808,10806,14266,14264,14265,14267,12919,12920,12921,12922,32,34,33,3043,4618,7726,2761,2873,8356,3237,2757,9041,9040,13383,3280,12304,12303,12305,12312,12307,12308,12309,12320,12319,12311,12317,12310,12316,12315,12314,12313,12306,12318,8931,8924,8929,8928,8927,8926,8925,8933,8930,8932,14394,14395,14396,14397,14398,14399,14400,4889,3011,8098,8097,8095,8096,18,9555,13357,6486,2848,2847,4802,4803,4804,11565,11569,11570,11568,11560,11564,11561,11567,11566,11563,11562,3571,3572,10158,10159,10160,10161,10157,3127,13248,14985,5012,14954,2819,4562,4561,4560,4559,4558,4557,4556,4555,4554,4553,4552,4549,4551,4550,4604,4600,4601,4605,4602,4603,12808,10864,10866,10865,10863,10867,10862,10868,10861,9498,11054,11055,11056,11057,11063,11058,11060,11061,11062,11059,11487,11484,11485,11488,11479,11480,11489,11491,11492,11483,11481,11482,11490,11486,2793,2796,2794,2795,13963,11126,11125,11129,11127,11128,11465,11464,11468,11469,11467,11477,11470,11474,11473,11472,11471,11476,11478,11475,11466,8691,8696,8695,8694,8693,8692,8689,8688,8690,8687,8686,8682,8683,8684,8685,14796,15096,15094,15092,15098,15097,15093,15095,7342,7341,9311,1449,1450,6998,6997,11895,11893,11894,11899,11900,11901,11896,11898,11897,9188,9189,9195,9190,9191,9194,9186,9185,9192,9187,9193,10671,4036,4037,4983,4977,4985,4978,4979,4986,4987,4988,4982,4981,4984,4980,4976,9521,3656,3665,3660,3662,3666,3661,3672,3673,3654,3655,3664,3658,3668,3669,3659,3657,3670,3671,3663,3667,4021,4020,13148,13149,9499,9500,9503,9502,9501,6834,6838,6837,6835,6840,6836,6839,4474,4473,4476,4475,4310,2986,14729,11638,16465,16464,16458,16463,16459,16457,16456,16462,16461,16460,6952,4129,4131,4128,4132,4126,4127,4130,9548,11834,11836,11832,11835,11833,11321,11322,11329,11323,11324,11325,11326,11327,11328,11319,11320,4628,4634,4630,4629,4627,4633,4635,4636,4631,4637,4639,4640,4641,4638,4632,11639,10626,10627,10628,7125,7126,14140,14142,14143,14144,14146,14145,14139,14147,14148,14149,14138,14141,11556,11557,11554,11555,11190,11189,11188,11191,11192,11187,11193,11196,11195,11194,954,953,952,955,3194,11377,9263,9262,9260,9264,9265,9266,9267,9268,9261,9259,9269,9257,9256,9255,9254,9253,9252,9251,9250,9249,9258,15086,2071,2070,4491,4490,4488,4487,4492,4489,14673,14672,14671,14674,11528,131,130,132,13638,13637,13642,13639,13640,13629,13635,13634,13633,13632,13631,13630,13628,13636,13641,142,2855,10819,10816,10815,10817,10818,10820,11593,11594,11595,11592,25,11456,11455,11454,11453,11452,11451,11450,13153,13154,13152,13150,13155,13151,11185,11186,11184,839,840,836,837,838,842,841,11376,2749,2767,10772,10773,10774,10775,10776,10778,10777,3731,3730,3729,3732,3727,3734,3728,3735,3736,3737,3738,3739,3740,3741,3742,3743,3744,3745,3746,3733,3726,145,147,148,143,146,144,9666,9665,9474,2867,2865,2866,2995,356,355,357,10021,10022,10024,10023,12221,12222,12223,12224,15169,5104,5110,5100,5099,5102,5097,5105,5109,5098,5106,5107,5101,5103,5108,6619,6618,6617,6616,6620,3107,3108,3109,3110,3104,3113,3112,3111,3106,3105,9385,9381,9384,9383,9382,8326,8325,11408,11407,11409,16352,8840,8846,8841,8842,8839,8844,8845,8838,8843,3383,15130,15131,12153,7250,7258,7257,7256,7255,7254,7253,7252,7248,7249,7251,7247,3629,3628,3622,3623,3632,3631,3630,3627,3624,3625,3626,12087,12088,12085,12089,12090,12091,12086,2934,12417,5096,5095,5094,10569,3057,13332,13324,13323,13326,13327,13328,13329,13330,13331,13333,13334,13335,13325,13337,13336,4103,4102,4093,4101,4100,4098,4099,4096,4095,4094,4097,7371,8811,8810,8812,8813,8809,8808,6697,4222,10902,10904,10903,12397,6723,3056,3055,2756,2755,12617,12616,2886,2892,2887,2890,2891,2889,2888,10248,10247,10246,10249,10250,2952,2951,252,3010,3008,12332,12331,12330,12329,6932,6929,6933,6934,6931,6930,11974,11972,11968,11973,11971,11969,11970,2746,117,127,126,125,124,123,122,121,120,119,115,118,116,12264,12265,3517,3516,3515,3514,3513,12152,12151,2672,2678,2671,2680,2670,2668,2669,2673,2667,2674,2679,2676,2677,2675,12039,12038,11646,11647,2966,2965,2963,2964,2962,162,11976,11977,12234,12853,6846,6847,6850,6848,6851,6849,16402,16403,7610,7611,7612,7609,7616,7613,7620,7617,7621,7622,7618,7615,7614,7623,7619,2872,14792,6959,6960,12718,6475,12387,14638,2760,2759,2758,5044,5042,5038,5043,5041,5039,5040,402,404,405,406,407,408,409,410,414,413,401,403,411,412,13952,10,11,7,12,13,14,15,6,5,4,3,2,16,17,9,8,10670,4911,4919,4918,4912,4916,4915,4914,4913,4917,4921,4920,8596,8594,8595,12502,12503,11317,11316,11315,11314,11313,11312,11311,11310,11318,2875,1684,1687,1686,1685,1056,1057,12546,12540,12545,12539,12538,12542,12541,12543,12544,12491,12494,12501,12499,12497,12496,12492,12493,12495,12498,12500,3274,2960,7853,7852,7854,4024,4023,4030,4029,4028,4025,4026,4027,3128,15072,11391,11390,11393,11392,3890,2935,11648,11649,7911,3578,4329,4332,4330,4328,4331,4326,4327,4931,4932,4930,4929,4928,12371,4746,4747,4745,4748,4744,4743,4739,4740,4742,4741,4738,3834,10355,12929,7309,7313,7312,7310,7311,8731,8732,8733,8734,8735,8730,8729,2981,2982,2980,2976,2977,2978,2979,16513,16500,16512,16511,16510,16505,16514,16502,16503,16509,16504,16508,16507,16506,16501,7566,7567,3594,3593,3592,13232,3873,3872,3871,3870,1326,9791,545,13949,13950,13948,13947,13951,12557,12447,12446,12448,12449,12444,12443,12450,12445,11636,6695,12240,12239,12238,8719,10779,9365,167,166,168,171,164,170,169,165,672,7995,7996,7994,13360,13358,13359,14519,5075,5071,5072,5073,5074,5083,5076,5077,5080,5079,5081,5082,5078,15932,11241,11240,11239,11242,11246,11245,11248,11247,11244,11237,11243,11234,11238,11236,11235,3519,1766,1760,1762,1763,1761,1764,1765,7544,3158,3163,3161,3169,3168,3167,3166,3165,3164,3159,3160,3162,3170,3175,3174,3173,3172,3171,3176,3177,3178,1214,1215,1216,1218,1213,1217,10780,10781,9970,9969,3118,3119,9937,9940,9928,9929,9930,9931,9932,9939,9934,9935,9936,9938,9933,1720,1721,13502,13503,13504,13505,11462,14067,14068,14069,3102,9147,9139,9140,9141,9142,9143,9144,9145,9146,9148,9151,9150,9152,9153,9154,9155,9149,9596,3534,3544,3547,3542,3545,3543,3546,11911,11912,3837,3838,3845,3844,3843,3842,3841,3840,3839,12789,9986,9987,16353,1627,1626,3887,3323,3324,3325,3326,3328,3329,3330,3327,8413,7477,7478,7127,7131,7132,7128,7133,7140,7139,7138,7137,7129,7130,7134,7141,7136,7135,2813,2814,2811,2812,2815,2817,2816,11821,11818,11817,11816,11815,11814,11813,11823,11820,11812,11811,11824,11825,11822,11819,6106,6107,6105,11781,6807,6809,6808,6806,6811,6812,6810,6814,6815,6816,6813,15559,97,100,101,102,103,98,99,2175,2176,2174,2173,2172,2168,2169,2181,2180,2179,2178,2177,2170,2171,399,398,397,396,395,6756,6558,10462,12815,12809,12810,12820,12819,12818,12814,12811,12823,12817,12812,12813,12816,12822,12821,623,16527,16526,16525,163,13387,13386,14041,13998,15154,15153,15152,15148,15151,15149,15150,85,84,83,7637,7643,7642,7636,7641,7635,7639,7638,7640,111,9580,13542,13549,13548,13545,13543,13544,13547,13546,11765,14844,6398,6397,6396,6395,6399,8537,8539,8538,8188,8184,8185,8198,8197,8196,8195,8194,8193,8189,8186,8187,8192,8191,8190,7520,7519,7518,7517,11596,11597,11598,11599,4305,9910,9911,14434,14435,14436,14437,11680,7387,7388,7389,1564,10151,13666,14254,149,14316,14315,14313,14311,14312,14314,9984,8458,8454,8457,8449,8450,8451,8459,8453,8455,8456,8452,11415,11412,11414,11413,13615,13602,13601,13612,13613,13614,13623,13622,13621,13617,13616,13603,13620,13611,13619,13605,13604,13608,13607,13609,13606,13610,13618,4153,7230,7231,7232,7233,7229,3224,15935,11378,11381,11380,11379,13126,13127,13125,11265,11257,11262,11263,11264,11259,11266,11258,11261,11256,11267,11255,11254,11260,2896,1632,15099,11457,11458,11459,11460,14526,14530,14533,14534,14532,14535,14537,14538,14539,14529,14528,14527,14536,14531,15170,7429,7430,7437,7438,7435,7434,7433,7432,7431,7436,7428,7439,7440,16228,16223,16227,16224,16225,16239,16229,16231,16238,16237,16236,16230,16226,16234,16233,16232,16235,3007,15397,15398,15400,15402,15403,15404,15406,15407,15401,15405,15409,15408,15399,15410,6568,14607,14608,16466,16467,7484,7481,7486,7485,7483,7482,14186,14189,14190,14187,14188,2861,2856,2859,2858,2860,2857,1059,10976,14522,14521,2849,3147,3148,8160,8159,8158,8157,8156,8151,8148,8142,8143,8144,8145,8146,8147,8149,8152,8153,8154,8155,8150,14863,14864,14861,14862,655,665,658,659,660,661,662,663,664,656,652,666,667,668,657,670,653,654,669,6958,1442,1441,1440,1439,12846,11309,11308,112,58,1203,11773,12911,12912,12913,12914,12915,10891,10882,10876,10877,10890,10881,10889,10887,10878,10888,10879,10885,10884,10886,10880,10883,10892,10875,10893,13569,13571,13568,13567,13566,13565,13570,13563,13562,13564,11659,6833,541,8211,218,219,11637,11589,11587,11591,11590,11588,11606,11605,13409,2252,2253,2254,2255,2261,2260,2259,2258,2257,2251,2256,11628,11629,10434,10429,10430,10431,10432,10437,10433,10435,10436,13698,13697,7150,10572,11726,11725,9335,9336,241,240,234,237,236,235,242,232,233,239,243,238,245,244,2851,6860,11547,11548,11902,11791,7308,3961,13896,11039,11040,11041,4351,4350,4349,10758,10757,10756,10755,10754,10760,10761,10753,10762,10759,10764,10765,10766,10767,10763,538,55,56,57,54,53,4016,4017,4015,11065,11064,11530,14195,14191,14197,14194,14193,14192,14196,2781,2780,2778,2779,16380,12940,7368,7367,7362,7365,7364,7363,7358,7360,7361,7366,7359,7369,7370,602,601,6795,11585,8383,8384,1119,11586,13454,13453,13452,5400,5399,5398,5397,5396,5395,5394,5138,2827,2826,7029,7030,7031,6859,7316,7317,7318,7319,10821,6796,6797,6798,8558,8553,8552,8554,8562,8557,8555,8559,8560,8556,8561,12791,1551,13944,13943,13945,7648,7646,7647,7649,11582,8323,8324,8322,8320,8321,12951,14715,14718,14713,14726,14725,14724,14714,14716,14717,14719,14720,14723,14722,14721,626,627,631,630,629,628,624,625,632,6906,6905,6904,6903,6899,6901,6900,6897,6907,6902,6908,6898,6910,6911,6912,6913,6909,6918,6919,6914,6917,6916,6915,11877,11772,11903,10228,5953,3301,1432,6735,6736,6733,6734,6732,6737,6738,6787,6786,6784,6783,6782,6785,6781,6780,11045,11051,11047,11048,11049,11050,11046,14213,14214,14215,14209,14208,14204,14203,14207,14212,14205,14211,14199,14198,14202,14201,14206,14200,14210,847,16114,5134,5133,5136,5135,12115,12114,12113,12112,12111,11072,11073,13657,13658,3004,3006,3005,3003,3002,12133,11493,1693,15491,15492,15493,15494,15495,6644,6645,7299,7300,7301,7303,7304,7305,7306,7307,7302,3644,3646,3647,3648,3643,3642,3641,3640,3645,3638,3637,3636,3635,3634,3633,3639,561,562,563,1757,1756,13388,13390,13389,11114,11113,11112,11111,11110,11115,8107,8138,8139,7226,11666,11667,11668,11669,11670,11674,11672,11673,11675,11676,11677,11679,11665,11671,11664,11678,7293,283,606,608,607,605,610,609,676,674,673,679,678,677,675,400,14126,14123,14125,14127,14124,14128,14129,10769,11801,11800,1461,1459,1457,1462,1458,1460,3103,7561,7565,7564,7563,7562,14164,14165,14162,14159,14163,14160,14166,14161,11301,11302,11303,3385,3386,3384,11538,11537,11536,11614,11617,11616,11615,16575,16573,16579,16578,16577,16576,16572,16580,16574,3511,5137,8109,8110,8108,11249,11253,11252,11250,11251,8218,4925,4927,4924,4926,11461,7340,7339,11198,11197,10828,1553,250,251,8526,8525,8524,13737,1328,1327,1329,4034,4035,13169,6499,6509,6504,6501,6502,6503,6505,6506,6507,6508,6498,6500,7101,7105,7104,7103,7102,7100,7099,4252,4391,4392,4393,4394,4395,4396,4397,4398,15582,15581,15580,15579,15578,15577,15576,15575,15583,7145,4399,6955,6957,6956,6831,1118,13489,13486,13488,13487,13485,13484,13483,13482,13481,11706,11707,9372,10797,10796,8304,8303,7108,7107,16391,6679,6678,6677,6676,6675,6674,10799,10798,10800,10801,4457,10925,10926,10924,10908,10923,10920,10921,10919,10918,10917,10916,10915,10914,10913,10909,10912,10922,10911,10910,11796,11794,11793,11797,11798,11795,11799,4381,4382,4383,4379,4378,4377,4376,4375,4380,3781,11619,4387,4386,4388,4390,4389,4385,4384,13354,7396,7401,7398,7397,7402,7403,7404,7405,7400,7406,7399,7644,7645,8433,7502,7501,7500,7503,7504,7499,7498,7497,7496,104,10791,11436,11434,11433,11432,11435,11431,11430,11429,11428,6522,6534,6532,6531,6530,6529,6528,6527,6526,6521,6524,6523,6535,6525,6533,6536,6537,10746,10748,10745,10744,10743,10747,1692,1691,10770,10771,2845,2846,3889,11885,11886,11887,712,713,711,714,358,581,4355,4354,1270,1271,1269,1272,1268,1267,1266,1265,1264,1263,11784,7292,7291,3888,1259,1260,1261,7372,16548,13861,13860,1772,11790,671,7151,3339,8298,8297,8296,8301,8300,8299,8302,3965,6936,6935,11116,11123,11117,11118,11119,11121,11120,11122,6692,8514,8513,8512,8511,8510,8509,8508,8507,8504,8505,8503,8502,8501,8500,8499,8498,8506,792,11043,11044,11042,11233,8361,14362,14366,14363,14365,14364,14361,14360,14109,11830,11829,11828,11831,7330,7335,7332,7333,7334,7331,6750,11411,11410,3709,3708,16581,16583,16582,11182,11181,11183,14923,14924,14925,14922,4365,4374,4368,4364,4369,4363,4370,4371,4372,4373,4366,4367,8099,4362,10944,14859,14860,11990,10810,14790,3320,3319,3318,15160,15164,15159,15163,15162,15161,15165,15158,11635,6670,6671,6672,6673,6887,6874,6875,6876,6877,6878,6879,6880,6881,6882,6883,6886,6884,6885,6888,6889,6890,6896,6891,6892,6895,6894,6893,10449,10450,10451,11444,12392,12393,12388,12389,12390,12391,12394,4904,4890,4902,4901,4900,4899,4898,4897,4903,4895,4894,4893,4892,4891,4896,3904,3903,3902,3901,3900,3898,3899,11583,7314,3923,10623,10622,10624,10614,10619,10618,10617,10616,10615,10613,10612,10611,10610,10620,10625,10621,3473,3472,3471,3470,3469,3468,11708,11634,11631,11632,11633,4715,12110,10845,3891,3892,16494,3582,3581,3583,3584,3585,3587,3589,3590,3591,3588,3586,13134,10787,10785,10790,10789,10788,10786,10784,13696,6954,8357,13962,13283,8551,460,7173,14525,8578,11702,11701,11703,10742,10740,10741,12457,12456,3444,3432,3447,3442,3431,3441,3446,3437,3433,3438,3443,3435,3436,3439,3445,3434,3440,15520,15516,15524,15517,15510,15518,15519,15509,15508,15522,15507,15521,15506,15505,15515,15523,15504,15511,15514,15513,15512,15503,15525,4908,4909,318,11401,11402,11403,11404,11406,11405,11400,11398,11397,11399,302,1976,1977,1980,1975,1978,1979,5011,4486,4485,4484,4483,4481,4480,4482,4478,4477,4479,7268,7262,7263,7264,7261,7265,7259,7260,7266,7267,8120,8114,8130,8129,8128,8127,8126,8124,8123,8122,8125,8116,8121,8115,8119,8118,8117,8406,81,11985,11982,11983,11984,11980,11981,15391,4852,4853,4854,4855,4851,4856,4849,4850,1314,1313,1312,1311,1310,6421,731,78,80,79,13957,13958,13959,13960,13961,354,353,349,350,351,352,346,345,344,348,347,342,343,7315,6417,6420,6418,6414,6413,6419,6415,6416,6979,13581,13580,13586,13585,13583,13582,13579,13584,13588,13578,13577,13576,13575,13574,13573,13572,13587,8141,8140,7165,7168,7167,7171,7166,7169,7170,11728,13933,13934,13941,13940,13935,13938,13932,13942,13939,13937,13936,13418,13416,13417,13862,13876,13871,13870,13873,13875,13872,13869,13868,13867,13866,13865,13863,13874,13864,10386,16551,16550,16549,1790,1792,1796,1793,1795,1794,1791,1799,1798,1797,1800,3451,3450,7875,7874,4857,14154,14153,1483,4713,4712,12564,12575,12574,12573,12572,12571,12570,12563,12568,12567,12569,12562,12566,12561,12560,12559,12558,12565,12552,3304,3305,3310,3309,3308,3307,3302,3306,3303,11052,8432,14350,14353,14352,14351,14348,14349,231,110,109,108,107,106,16132,8644,8645,8647,8646,439,3926,3927,3928,3929,3930,3931,3932,3933,3935,3936,3937,3938,3940,3941,3942,3943,3944,3934,3925,3939,3924,13231,13437,13438,13439,13440,13436,13441,13434,13442,13443,13444,13435,13446,13445,13110,7146,11663,11662,11661,8285,8286,14871,14873,14872,4771,11854,16529,16530,16531,16528,16532,12341,12342,12335,12343,12336,12337,12338,12340,12339,3579,14048,14049,14050,14051,14052,14053,14057,14056,14047,14055,14058,14054,14046,14044,14043,14042,14045,8102,12272,2229,2230,2228,16522,16523,16524,16517,16521,16520,16519,16518,7064,7065,7068,7067,7066,7069,7063,14280,14279,14281,14282,14283,14284,14286,14285,6950,6949,6948,10822,10823,10824,10825,10827,10826,8577,8576,8575,3467,3466,3465,3463,3462,3460,3459,3458,3457,3461,3464,7411,7412,7413,7409,7408,7407,7410,570,569,568,567,566,565,564,571,4154,4155,4156,4157,10749,4872,4873,4870,4869,4871,4868,4865,4864,4866,4867,1113,1114,1115,1116,1117,1112,3710,3711,3712,13467,13461,13462,13463,13464,13465,13466,789,790,791,317,305,306,307,309,310,308,312,313,314,315,316,311,12410,15553,15556,15557,15554,15552,15555,15546,15547,15548,15549,15551,15545,15550,4906,4937,7072,7091,7090,7089,7088,7087,7086,7085,7084,7083,7082,7081,7080,7079,7070,7077,7076,7075,7073,7071,7078,7074,14108,12140,12139,8536,8535,8534,8533,8532,16571,16570,3338,3337,14474,13355,1306,1305,1304,1895,1901,1904,1897,1905,1896,1903,1900,1899,1898,1902,3855,3848,3849,3850,3851,3852,3853,3854,3856,3857,3858,3859,3860,3861,3862,15106,105,3218,3219,6754,6753,6752,12027,8365,8366,8367,8369,8370,8382,8381,8368,8379,8378,8377,8380,8375,8374,8373,8372,8371,8376,1868,12466,12328,4989,4990,4991,4992,4993,4995,4994,174,175,173,177,179,172,176,178,14306,14305,14304,14303,14302,13284,1892,1891,15566,8215,8214,16161,15982,14609,15089,15090,15087,15088,14487,11089,12249,6925,6928,6926,6927,320,11199,11066,11067,11071,11070,11068,11069,12535,12536,12537,1810,12372,10092,10094,10095,10097,10096,10098,10093,8131,8111,8112,8113,13117,13120,13116,13115,13114,13118,13113,13112,13119,13111,4526,12398,68,76,75,74,72,71,70,69,77,73,1767,11775,11776,13476,13478,13477,13475,13474,13480,13479,8643,3954,3957,3956,3955,13107,13105,13106,13108,13109,11394,11395,14370,13364,3982,13297,13295,13302,13301,13286,13287,13288,13289,13290,13291,13292,13293,13294,13300,13296,13298,13299,13740,13742,13741,13739,12028,1122,1121,1120,582,8291,7155,7160,7161,7162,7163,7164,7157,7156,7159,7154,7158,7153,2786,4361,8477,8478,8479,8480,8481,8482,701,702,703,704,13847,12344,8358,8359,3505,3714,3715,3713,12416,4423,4413,4414,4415,4425,4428,4416,4417,4418,4419,4429,4420,4421,4422,4427,4424,4426,3896,3894,3893,3895,12600,12599,12598,12597,12596,12594,12603,12602,12601,12595,11005,11012,11006,11007,11010,11009,11008,11011,3378,3379,3380,3374,3375,3376,3377,3382,3381,6844,6843,6841,6842,15012,15011,15010,15013,15014,3814,3813,3806,3810,3815,3809,3808,3805,3804,3803,3811,3816,3812,3807,3817,10729,10731,10730,10728,2782,11385,11384,11382,11386,11387,11388,11389,11383,8364,7244,7245,7236,7235,7242,7241,7240,7239,7238,7237,7243,7234,4625,4624,134,12843,12842,12841,12839,12838,12840,12837,12836,12835,12845,12844,10980,10977,10978,10979,10993,10982,10983,10984,10985,10986,10987,10988,10989,10990,10991,10992,10994,10981,12548,10814,11529,14320,14319,14318,14317,13524,13539,13535,13534,13533,13532,13531,13530,13529,13528,13527,13526,13523,13537,13521,13522,13536,13525,13538,13721,13720,13719,13718,13717,13716,3482,3410,11446,11447,11449,11448,12143,12142,12144,12145,12147,12146,2135,2138,2133,2137,2132,2134,2136,12037,4459,4458,4461,4460,13242,13246,13241,13247,13244,13243,13245,13239,13238,13237,13236,13235,13234,13240,14511,14508,14509,14507,14510,14495,14506,14505,14504,14497,14494,14499,14498,14502,14500,14501,14503,14496,11807,11808,11809,11810,11806,11804,11805,6937,12041,8531,7537,7538,7539,7536,7540,7541,7542,7543,7535,1422,14823,14824,14820,14825,14819,14818,14821,14826,14816,14828,14829,14830,14817,14822,14827,11535,11532,11531,11534,11533,10897,10898,10900,10899,10901,560,13956,13953,13954,13955,5312,5311,5310,5314,5315,5313,12261,5166,13684,13682,13681,13676,13677,13683,13680,13675,13678,13674,13673,13672,13671,13668,13670,13669,13667,13679,1010,12243,12242,8235,3991,7037,7038,7039,7032,7034,7033,7036,7040,7035,11988,11989,11987,3824,3823,12093,12092,11549,11550,15143,15145,15144,12488,12487,12489,12486,8094,11307,11306,11305,11304,7414,13551,13550,14393,14391,14392,11101,11102,11105,11103,11090,11091,11104,11092,11106,11097,11095,11096,11093,11094,11098,11099,11100,11107,11109,11108,1987,1988,1989,1985,1992,1991,1990,1986,8225,11727,13722,13723,13724,13725,4758,4759,4766,4765,4764,4763,4762,4761,4760,4767,4757,13837,13838,2933,12270,12525,10970,4616,4617,4969,4968,1809,1804,1807,1806,1805,1808,1649,1648,1647,11783,11782,10751,10752,10750,8093,14475,13541,13540,7600,7601,7602,7603,7604,7605,7607,7608,7606,14158,11958,11957,11960,11959,12271,920,14367,10907,10905,10906,11719,11723,11722,11718,11721,11720,11724,11527,12454,12455,12677,12676,16542,13506,13507,13515,13508,13514,13513,13512,13511,13510,13509,10738,10739,10736,10735,10734,10733,10732,10737,13429,13430,13427,13428,14092,14091,14090,14094,14093,14095,14096,14097,14098,14099,4452,4454,4456,4448,4447,4453,4455,4449,4450,4451,4446,14604,11427,12473,13410,11445,13833,13832,13831,13830,13834,3577,3576,3575,3574,3573,11803,8330,8329,8328,8327,14839,14838,14832,14837,14833,14834,14835,14836,424,417,418,419,420,421,422,416,425,426,415,423,3258,3264,3263,3262,3261,3260,3259,12334,11280,11276,11269,11270,11271,11272,11273,11274,11275,11277,11268,11279,11281,11282,11283,11284,11278,383,380,390,378,377,381,382,389,379,385,388,384,386,387,5024,5023,12516,13665,7660,7659,8360,8348,8339,8351,8352,8353,8350,8347,8349,8345,8344,8343,8338,8340,8342,8346,8341,8563,8564,8565,8567,8566,8568,4674,4675,4676,4677,4673,4672,4671,4670,4678,12138,12137,12136,16133,710,10945,10952,10951,10950,10949,10948,10947,10946,11745,11744,11764,11763,11762,11760,11759,11761,11757,11746,11747,11748,11749,11750,11751,11758,11752,11753,11754,11755,11756,9659,9660,3990,3989,13884,11078,11083,11086,11080,11079,11081,11082,11084,11085,15993,15986,15987,15988,15989,15990,15991,15992,6857,6858,3705,3703,3704,3706,3702,3700,3701,14926,14323,14321,14322,14324,14325,14326,7324,13643,7661,7662,7663,7664,14765,8571,8570,14476,5111,5116,5117,5118,5113,5114,5115,5112,12141,14707,11088,13223,13228,13221,13220,13225,13229,13226,13227,13224,13222,13219,13215,13218,13217,13216,13420,13419,6999,7320,12830,4528,4527,11625,11624,11627,11626,12517,12518,13734,13736,13735,11937,11938,13448,13450,13451,13447,13449,4845,4844,4832,4846,4840,4839,4838,4837,4830,4847,4841,4842,4831,4836,4834,4833,4829,4828,4827,4826,4848,4843,4835,7508,7509,7505,7510,7506,7513,7512,7507,7511,11685,11698,11694,11689,11688,11686,11681,11692,11691,11690,11682,11683,11684,11693,11687,11699,11697,11696,11695,7186,7191,7190,7189,7188,7187,7185,7184,7183,7174,7182,7175,7176,7177,7178,7181,7180,7179,4508,24,14927,3651,3652,3653,11147,11148,11146,11150,11144,11143,11142,11141,11145,11151,11149,11153,11154,11155,11156,11157,11158,11159,11160,11161,11162,11152,846,12135,12134,11559,12441,12435,12437,12434,12433,12439,12440,12436,12432,12438,12442,12430,12431,14110,14112,14115,14114,14111,14113,11884,11883,8388,8389,8390,8391,8387,8394,8397,8396,8395,8400,8398,8393,8399,8392,8401,8402,8403,8404,8405,8386,8385,14005,14021,14020,14022,14019,14010,14017,14016,14015,14014,14013,14012,14006,14007,14008,14009,14011,14018,8573,8572,3693,13501,11847,11850,11851,11852,11853,11849,11848,11780,11779,11778,11777,14003,14004,14002,14001,14000,13999,611,13431,12365,12364,10859,10860,977,978,12030,12033,12029,12031,12032,374,373,371,370,372,13885,13645,11015,11016,11017,11018,11019,11020,11021,11022,11024,11025,11026,11027,11028,11023,375,376,288,289,290,291,292,293,294,295,296,297,298,299,300,26,13712,13699,13700,13701,13702,13703,13704,13705,13706,13707,13708,13709,13710,13711,11700,8132,0,12122,12125,12124,12123,12121,12120,12126,4859,4862,4863,4860,4861,13895,13894,8425,8426,13249,10953,10954,1229,1230,1228,12604,12605,12606,13738,8611,8612,8610,8613,8616,8615,8621,8618,8619,8622,8620,8609,8624,8625,8626,8623,8617,8614,181,184,183,182,11769,11770,11771,11768,11766,11767,14429,14430,14431,5139,16156,16155,16154,1,12232,12233,4688,4689,8103,7516,7514,7515,10995,10997,10998,10996,11961,12395,11630,7289,7290,7288,16094,12248,2039,2040,2038,10795,10793,10794,6790,6789,6788,11369,11368,11374,11370,11371,11372,11373,11375,12553,12554,12461,12462,12460,12459,14169,14168,12423,6845,14167,11792,11623,11622,11621,11620,11037,15462,15461,15464,15465,15463,5007,5008,5009,5010,5006,4493,4494,4496,4495,64,13824,13829,13828,13827,13826,13825,14038,14036,14039,14037,14040,8638,8637,8639,16182,4996,4997,4998,4999,5004,5001,5002,5000,5003,10346,10348,10347,10345,10344,10335,10339,10338,10343,10340,10331,10341,10342,10332,10333,10334,10336,10330,10337,14122,14121,14116,14117,14118,14119,14120,12530,525,12132,12128,12129,12127,12130,12131,12584,12586,12583,12585,13626,13625,22,23,13561,13560,13558,13557,13556,13555,13559,11729,11730,11731,12484,10971,21,4735,4734,4733,4736,4737,7283,7286,7285,7284,7287,486,485,484,483,482,11876,11875,11874,11873,7297,11038,11709,11716,11715,11710,11711,11712,11713,11714,11717,12024,12025,12026,11202,11218,11217,11216,11215,11214,11204,11206,11212,11211,11210,11209,11208,11207,11213,11205,11203,339,336,340,335,341,333,332,338,334,337,8469,8474,8473,8472,8463,8464,8465,8466,8471,8467,8470,8468,8475,8462,8461,9025,9026,9027,9028,11846,11552,11553,11962,13887,13888,13890,13891,13889,13892,13893,6825,11004,11002,11003,12409,12408,14650,14649,14651,14652,14653,14654,14655,14656,14657,14664,14663,14659,14665,14662,14658,14660,14661,3905,3906,3907,3909,3908,3910,2246,40,39,38,36,37,13813,13814,13815,13816,4584,4585,4587,4586,14874,14883,14882,14879,14881,14880,14875,14877,14878,14876,13980,13981,13982,14374,14379,14378,14371,14372,14377,14376,14375,14373,12219,12218,12220,11613,11609,11610,11612,11611,11608,11607,12660,12659,11826,11827,12378,12377,3413,3418,3426,3414,3430,3427,3417,3424,3412,3423,3415,3425,3428,3429,3420,3419,3421,3416,3422,13810,13811,13809,13808,13807,13812,6743,6744,6742,6745,6746,6747,6741,6739,6749,6740,6748,2825,8257,8271,8270,8269,8268,8267,8274,8275,8276,8277,8278,8279,8258,8259,8260,8266,8265,8284,8283,8282,8281,8280,8264,8256,8261,8262,8263,8272,8273,5022,5020,5019,5021,5014,5015,5016,5013,5017,5018,12045,12049,12046,12042,12043,12044,12047,12050,12048,12053,12051,12058,12057,12056,12055,12054,12052,4358,4356,4360,4359,4357,13422,13423,13424,13425,13426,13421,4041,4042,4040,4039,4046,4048,4047,4044,4043,4038,4045,14338,13664,13662,13663,4563,715,3040,3032,3033,3034,3039,3038,3037,3041,3035,3029,3042,3030,3031,3036,12007,12006,11350,11362,11361,11360,11359,11358,11357,11345,11351,11346,11352,11347,11355,11353,11354,11348,11349,11356,2975,14471,14473,14472,14470,14469,14462,14461,14463,14464,14465,14466,14467,14468,14460,14459,8593,8579,8592,8581,8591,8580,8589,8588,8587,8586,8590,8584,8583,8582,8585,8089,7228,13823,4910,5062,65,13975,13974,13973,13978,13971,13979,13977,13972,13976,4445,4431,4437,4438,4434,4433,4444,4432,4435,4436,4440,4441,4442,4443,4430,4439,12424,12426,12425,203,204,200,199,198,197,195,194,193,192,191,201,202,190,185,206,207,188,189,205,196,186,187,6868,13886,14216,16497,14330,14328,14327,14329,3189,14342,14341,14343,14344,14345,14346,14347,14339,14340,4295,4299,4298,4291,4297,4292,4294,4296,4293,12254,14065,14059,14060,14066,14061,14062,14063,14064,13835,4805,4806,4808,4807,3217,3211,3210,3208,3207,3212,3206,3213,3209,3215,3216,3205,3204,3203,3202,3214,8254,8250,8251,8252,8253,8255,11014,11013,12471,12472,14455,14369,14368,12172,12169,12168,12171,12167,12170,12166,12173,12162,12163,12161,12160,12165,12164,6961,11601,11602,11604,11603,11600,13403,13408,13405,13406,13407,13404,13401,13402,319,4773,4777,4776,4775,4774,4778,8541,8543,8544,8549,8548,8547,8546,8542,8545,11869,11870,11871,11872,11867,11866,11865,11868,11864,11858,11857,11859,11860,11861,11856,11855,11862,11863,4400,7223,14255,4700,4696,4693,4697,4698,4699,4692,4695,4694,4701,4705,4702,4703,4704,4691,13881,13883,13880,13882,13656,13655,13654,13646,13653,13651,13650,13649,13652,13647,13648,8460,12190,12189,12188,12187,12186,12185,12182,12181,12184,12183,11640,4650,4648,4653,4651,4652,4649,4647,11135,11137,11134,11138,11139,11136,11132,11131,11130,11133,8232,8233,8226,8227,8234,8229,8230,8228,8231,16536,16537,16538,16539,16533,16534,16535,16540,7549,13856,13855,13854,13853,13852,13851,13850,13857,13849,13848,16541,13714,13715,13713,7480,11420,11418,11426,11425,11424,11423,11422,11421,11419,11417,14427,14423,14424,14425,14428,14426,3595,3596,5005,14076,14073,14074,14075,14077,14078,14072,11367,11366,11365,11364,11363,8412,11396,699,15530,15529,15526,15528,15527,14291,14225,14224,14223,14228,14229,14230,14231,14226,14232,14233,14227,11979,11978,2231,15449,15431,15448,15432,15436,15445,15444,15443,15442,15441,15433,15434,15440,15439,15435,15438,15437,15430,15447,15428,15427,15426,15425,15424,15423,15446,15422,15429,15421,3361,8521,8522,16163,14287,589,13146,13144,13141,13140,13139,13138,13145,13137,13136,13142,13143,13147,6794,6793,6792,6791,282,281,13732,12299,12302,12300,12301,14831,3560,3554,3555,3553,3561,3552,3550,3549,3556,3557,3558,3559,3551,3548,599,10973,10972,10974,10975,14310,14309,14307,14308,4940,4939,4951,4947,4944,4945,4946,4942,4941,4948,4950,4943,4952,4953,4949,4955,4954,3347,3346,3348,3349,3350,3351,14336,14596,14597,14598,14599,14600,14601,14595,4772,3332,3336,3335,3334,3333,3331,10846,14422,576,579,580,574,575,578,577,572,573,12613,12614,12612,12611,12610,12615,3452,3453,3455,3454,10768,14236,14235,14234,14070,822,10813,10812,12507,12506,12505,13695,2273,2272,2271,3345,4936,4935,4934,13303,13304,3343,3340,3341,3342,3344,946,948,947,3504,3503,3497,3498,3499,3500,3501,3502,7377,7378,7379,7386,7381,7382,7383,7384,7375,7380,7376,7385,3269,3270,3265,3266,3267,3268,12429,12428,12427,12451,11227,11228,11229,11230,11232,11231,3958,3959,3960,3317,253,1913,8527,8528,14136,14135,14134,14133,14132,14131,14130,7094,2227,544,543,328,329,331,330,8088,11551,4619,4626,13135,14250,14439,14440,14441,14442,14443,14444,14445,14446,14448,14449,14450,14451,14453,14454,14447,14452,524,7095,1276,1277,4613,4610,4612,4606,4607,4609,4608,4611,4964,4965,4966,4967,11888,11891,11892,11890,11889,7323,7321,7322,5070,5068,5067,5066,5065,5064,5063,5069,6255,3483,3485,3484,12117,12118,12116,12119,595,594,596,597,598,11571,4714,12827,12826,12825,12828,15172,14335,14331,14334,14332,14333,16565,16556,16554,16568,16555,16564,16559,16560,16552,16562,16553,16558,16567,16563,16566,16561,16557,6307,3496,13553,13552,13554,10849,10850,10856,10847,10858,10851,10852,10855,10848,10853,10854,10857,6938,287,286,4530,4529,11774,11578,11580,11581,11579,12792,16160,5193,2787,3601,14251,14252,14253,14032,14023,14025,14026,14027,14029,14030,14031,14028,14024,14456,14457,14458,8530,6007,5516,4770,4769,4768,13187,13186,13188,13189,13190,11704,11705,7211,7210,7209,7212,6803,6802,6801,6800,6799,6804,6805,365,368,367,366,364,363,369,362,361,360,13898,13897,4690,13627,13946,20,19,14514,14516,14512,14515,14513,6751,555,546,547,551,552,554,556,557,553,549,548,558,559,550,89,90,91,86,94,92,93,88,96,87,95,2262,7199,7198,7205,7204,7206,7207,7208,7203,7202,7201,7200,13690,13686,13693,13694,13687,13688,13685,13692,13691,13689,7658,7657,7057,7494,7495,12150,12149,12148,13370,5410,6993,6992,6990,6991,15118,15117,15116,15115,15114,15109,15113,15110,15111,15112,7056,7055,5055,5056,5048,5051,5045,5050,5046,5049,5060,5052,5054,5047,5059,5058,5057,5053,13598,13599,13597,13596,13589,13591,13592,13593,13594,13595,13600,13590,7441,7667,3179,11986,13214,13192,13199,13212,13200,13201,13202,13204,13205,13206,13197,13213,13195,13196,13208,13209,13210,13211,13194,13193,13198,13207,13203,4623,4620,4621,4622,4685,4686,4687,7524,7525,7523,722,3083,3518,4537,13516,13517,7093,7092,4905,13384,180,12579,12580,13385,12177,8334,2785,7096,12298,7442,7446,7445,7447,7448,7444,7443,11967,11966,11964,11965,14481,14485,14484,14483,14477,14478,14479,14480,14482,66,12230,12229,3962,4680,4679,4684,4683,4682,4681,7053,7041,7052,7050,7045,7054,7049,7048,7046,7051,7042,7044,7047,7043,11644,11641,11642,11643,11645,7557,7555,7560,7556,7559,7551,7552,7553,7558,7550,7554,2943,2942,2936,2937,2944,2945,2941,2940,2949,2938,2946,2947,2948,2939,10842,10836,10837,10844,10843,10834,10840,10839,10838,10841,10835,12008,12009,6941,810,812,811,12040,11841,11843,11844,11840,11839,11838,11837,11845,11842,11524,11523,11522,11521,11520,11526,11525,3950,3949,3948,3947,7579,7578,7571,7570,7582,7569,7572,7583,7576,7584,7581,7573,7575,7580,7574,7577,14151,14150,14152,13400,13399,13398,13397,4583,4582,16496,16495,12475,12474,6939,6940,2198,2199,14103,14104,14105,14107,14106,14337,8574,3985,3986,3987,3984,1164,1161,1162,1163,1160,6924,6922,6921,6920,6923,12357,13411,13413,13414,13412,82,2807,1330,3387,2249,2247,2248,7338,7337,5088,5093,5092,5091,5089,5090,12105,12101,12100,12104,12099,12109,12108,12107,12106,12103,12102,11945,11943,11944,44,43,42,50,41,45,48,46,49,51,47,4779,12003,12002,12001,12000,12005,11999,11998,11996,11995,11994,11993,12004,11997,3846,1619,8137,4798,4799,4800,4801,3951,3952,3953,7668,7669,12467,12468,12469,60,7195,7192,7193,7194,7197,7196,3226,1398,1397,1395,1399,1396,3281,6996,6995,487,12512,12515,12511,12514,12510,12513,12509,1848,7656,7651,7652,7653,7654,7655,7650,2770,2771,2772,2769,2773,2774,12326,12327,7474,7473,7476,7472,7475,3897,12355,7227,12293,12295,12294,1822,1821,1196,1192,1193,1194,1195,12250,1984,12609,542,12406,12297,12176,12175,12174,14245,14241,14242,14243,14244,14246,14249,14248,14240,14238,14237,14247,14239,12354,12348,12347,12353,12349,12350,12351,12352,14540,12520,12521,12523,12522,12524,11789,11788,11787,11786,11785,1125,11963,1060,1893,1894,12577,13906,13907,13911,13909,13910,13905,13912,13913,13914,13915,13908,13903,13904,13901,13900,13899,13902,12244,16499,16498,3972,3971,11558,12084,12083,7097,13230,12483,12482,12481,12195,12194,12205,12200,12199,12201,12197,12204,12196,12203,12202,12206,12198,12207,12217,12216,12215,12214,12208,12209,12210,12211,12212,12213,13733,325,324,323,322,326,327,321,12384,12383,6855,6852,6853,6854,6856,12074,12073,12067,12072,12071,12070,12069,12060,12059,12075,12076,12080,12078,12079,12068,12061,12062,12063,12064,12065,12066,12077,12081,3876,3875,3878,3877,3879,3880,3881,3882,3883,3884,3886,3885,3874,4858,12477,12476,3598,3597,5159,5160,5156,5158,5161,5157,249,3825,3826,3833,3832,3827,3831,3830,3828,3829,12420,12421,12418,12419,12490,644,643,642,641,637,639,638,636,635,634,633,640,645,648,647,649,651,646,650,697,698,67,12531,11935,11934,11933,11936,12241,12413,10956,10957,10955,10959,10960,10961,10962,10963,10964,10965,10958,10966,10967,10968,10969,8429,8430,8431,8427,8428,7479,12380,12379,12381,12382,3353,3355,3354,3352,3356,3358,3357,3359,35,2167,13167,13168,12414,3316,4716,3449,3692,3691,3690,3689,3688,13771,13770,13769,13768,13767,13773,13774,13775,13776,13777,13772,8104,3580,1136,13726,16515,12323,12321,12324,12325,12322,14222,14221,14220,14219,14218,8247,8239,8240,8241,8242,8243,8244,8249,8246,8248,8245,12422,4659,4658,4665,4660,4661,4662,4663,4669,4668,4667,4666,4657,4664,4654,4655,4656,14438,3476,3481,3480,3479,3478,3477,3475,3474,8355,12178,15544,2900,2908,2901,2906,2911,2912,2907,2909,2902,2903,2904,2899,2905,2910,3963,7296,7295,7294,472,480,479,478,475,473,474,476,471,481,477,3391,3392,3403,3395,3390,3393,3404,3389,3396,3405,3402,3400,3399,3406,3398,3397,3388,3401,3394,8105,13433,13432,8604,8608,8598,8601,8602,8600,8599,8603,8607,8606,8605,3314,3311,3313,3312,7144,7143,61,13518,13520,13519,14807,2160,14562,14560,14561,12526,12527,3535,15108,15107,220,8337,11942,11941,11939,11940,8295,8294,8293,7098,4907,12504,11953,11952,11951,11946,11950,11948,11947,11949,1974,1973,3983,14712,14710,14711,3563,3562,12360,12361,12363,12362,12358,12359,12180,12179,496,490,489,493,494,495,491,497,488,492,706,709,707,708,504,508,521,520,519,518,517,516,515,514,513,512,511,510,509,522,523,503,505,506,502,507,501,4522,4524,4521,4520,4525,4519,4518,4523,4517,12458,14486,700,12607,12608,27,28,29,12191,12192,12193,12547,3970,12485,15083,526,527,537,535,534,533,532,531,530,528,536,529,14217,802,1035,12370,12368,12366,12367,12369,12036,3541,3540,12356,691,692,3599,3600,1255,1257,1256,8640,8641,13858,13859,862,1340,1815,13182,13181,13183,13184,13185,13172,13180,13173,13179,13174,13176,13170,13175,13171,13178,13177,13281,13282,13280,11992,11991,942,941,943,940,944,939,1698,456,457,455,458,459,13821,13822,1048,1047,1043,1044,1045,1049,1046,12453,1852,1853,1854,1855,1851,1410,3448,1358,1365,1359,1360,1361,1364,1363,1357,1362,4709,4708,4707,4706,3409,3408,3407,13382,1333,12226,63,62,1336,136,140,141,135,137,139,138,1009,1124,912,911,906,908,904,910,907,903,905,909,914,913,915,1137,1139,1138,12556,12555,1140,1730,1676,12247,12246,12245,1630,12581,12452,1866,1878,1879,1089,7246,3569,3564,3565,3570,3568,3566,3567,7298,8642,1453,1452,1451,1032,1031,1030,1029,1624,1435,1436,1437,1438,918,917,919,12237,964,966,965,14184,14183,14182,14181,14180,14171,14178,14179,14176,14177,14175,14173,14172,14174,14170,5163,5162,1577,945,1775,14666,1768,1243,1242,1090,1091,12407,1998,1995,1994,1993,1997,1996,1559,1558,962,960,961,1005,1004,1003,1002,1006,1001,12267,12268,12269,12266,13128,1464,1463,12262,12263,963,13498,13499,13490,13500,13493,13494,13492,13491,13497,13496,13495,1254,1245,1246,1248,1249,1250,1251,1252,1253,1247,1501,1503,1502,1505,1504,1153,1565,1566,1567,1331,3755,3756,3757,3758,3759,3752,3760,3753,3751,3750,3749,3748,3763,3762,3761,3747,3754,2992,1338,4515,4510,4511,4512,4513,4514,4516,4509,12097,12096,12095,12094,12098,1701,3512,1563,1613,1614,1615,1616,1617,1427,1426,8163,8166,8171,8170,8169,8168,8167,8174,8165,8164,8178,8172,8162,8179,8177,8176,8180,8181,8175,8182,8183,8161,8173,8069,8070,1309,1776,12035,12034,949,950,1377,1378,1677,1981,1376,1375,1374,1373,1372,1366,1367,1371,1370,1369,1368,1779,1778,1290,2079,2080,2081,2599,1867,1278,6994,13395,13396,13393,13394,13391,13392,1812,3964,11975,3533,12578,11955,11954,879,880,990,1699,1965,1968,1967,1966,1964,3988,14071,8219,1283,1282,1280,1279,1281,2187,835,13365,13366,13367,3915,3914,14256,14259,14258,14261,14263,14262,14257,14260,13923,13921,13931,13919,13924,13929,13920,13925,13918,13917,13922,13930,13916,13926,13928,13927,1319,1320,150,151,152,153,154,155,160,161,156,157,158,159,2863,2862,12415,13279,1735,852,854,853,851,850,849,855,1562,3782,1739,1738,8523,2924,2922,2923,2915,2916,2917,2918,2921,2920,2919,2914,807,806,804,805,3946,13817,12386,1154,12260,7488,7489,7490,1769,3411,3847,4938,8496,8495,8497,8494,8492,8487,8486,8488,8489,8493,8490,8491,12333,1416,1418,1412,1414,1413,1417,1415,14087,14088,14089,3510,3509,12551,4809,4817,4813,4814,4821,4822,4823,4818,4824,4810,4825,4815,4819,4820,4816,4811,4812,3678,3679,3683,3684,3685,3676,3686,3687,3677,3675,3681,3680,3674,3682,3822,14523,14524,1070,1069,12478,12479,12480,12296,12550,13841,13840,13839,12592,3495,3536,3537,3538,3539,12159,12157,12158,12154,12155,12156,12235,12236,8540,12346,12345,11541,11540,11539,10943,10941,10940,10939,10938,10937,10936,10935,10934,10933,10932,10931,10929,10928,10927,10942,10930,12470,12385,5155,12528,12529,3818,3819,3820,3821,12228,11956,8237,8238,12549,2852,3299,3300,3298,12227,12463,12464,12465,3725,3724,3723,3722,3721,3716,3717,3718,3720,3719,12251,12253,12252,787,5126,5130,5129,5119,5120,5121,5122,5123,5124,5125,5128,5127,3456,133,2797,3620,3619,3621,3615,3618,3614,3613,3605,3611,3610,3609,3617,3608,3607,3606,3612,3616,8632,8633,8629,8630,8631,3774,3775,3777,3779,3780,3773,3776,3778,14299,14301,14300,14295,14297,14296,14298,12225,12259,13121,3869,3868,3867,12023,12022,4732,4731,1092,3321,3322,3257,3360,12286,12282,12273,12274,12275,12277,12283,12279,12285,12284,12280,12292,12291,12281,12289,12288,12287,12278,12290,12276,16390,16389,4973,4972,4971,4974,4975,3975,3973,3974,3976,3977,3979,3978,3981,3980,12582,7113,7112,7111,7114,7110,7109,614,616,615,612,613,12255,12256,12257,12412,720,721,718,719,1674,1673,1675,1068,1067,1065,1066,1064,14388,14390,14380,14381,14382,14386,14383,14387,14384,14385,14389,4646,5132,5131,13338,13339,13340,2061,2060,2059,2058,2057,2056,2055,2062,2054,2063,2930,3488,3491,3487,3486,3494,3493,3489,3490,3492,15129,1428,14433,3783,3784,3785,3786,5164,5165,1700,12082,987,986,985,984,983,500,499,498,1293,1910,8319,8313,8316,8314,8315,8318,8312,8317,8305,8310,8306,8307,8308,8309,8311,12593,12534,12532,12533,8363,247,246,248,717,1429,1430,540,13460,13459,13457,13456,13455,13458,8713,8714,8715,8712,8716,8717,8718,12014,12019,12017,12020,12016,12010,12011,12012,12013,12015,12018,12021,922,600,1323,3286,3293,3289,3290,3291,3292,3288,3295,3294,3296,3284,3283,3282,3285,3287,585,584,583,588,587,586,10529,10528,10527,5141,5142,5143,5144,5145,5146,5140,5147,5148,5149,5150,5151,5153,5152,5154,14432,12519,12258,14294,14293,14292,2581,2587,2573,2572,2574,2575,2576,2577,2579,2580,2583,2582,2584,2588,2585,2586,2578,2571,432,437,427,429,430,431,428,433,434,435,436,438,9591,9587,9588,9589,9590,9586,16485,14685,14686,14687,14688,14683,14684,4533,4531,4532,5029,5030,5031,5028,5034,5035,5036,5033,5032,12411,12576,12231,12591,12589,12590,12588,12587,819,821,818,820,12508,1712,52,6945,6942,6943,6946,6947,6944,4504,4503,4497,4506,4507,4502,4501,4500,4498,4505,4499,15082,15077,15078,15079,15080,15081,834,856,857,858,860,859,14082,14083,14084,14085,14086,14081,14080,14079,11222,11221,11219,11224,11223,11226,11225,11220,3998,1423,1424,14808,14809,14810,14811,14812,14813,14814,14815,10669