7544,7430,7439,7432,7438,7434,7437,7433,7440,7436,7431,7428,7435,7429,7477,7478,6756,7311,7310,7312,7309,7313,6916,6914,6918,6917,6915,6919,6899,6903,6898,6904,6905,6906,6902,6908,6907,6910,6911,6912,6913,6901,6900,6909,6897,7031,7030,7029,6859,7637,7636,7642,7641,7639,7643,7635,7638,7640,7503,7497,7501,7500,7504,7498,7496,7502,7499,7481,7483,7482,7484,7485,7486,7614,7611,7612,7613,7623,7615,7617,7616,7618,7609,7619,7621,7620,7622,7610,11547,11548,11659,11589,11591,11587,11588,11590,11765,11415,11414,11413,11412,11791,11530,11400,11406,11405,11404,11399,11403,11402,11401,11398,11397,11181,11183,11182,10845,11234,11248,11247,11246,11245,11244,11243,11242,11235,11241,11240,11236,11238,11239,11237,10827,10826,10822,10824,10823,10825,11781,11583,11596,11597,11598,11599,10976,11496,11494,11495,11508,11507,11506,11504,11503,11505,11498,11502,11497,11501,11500,11499,11444,11795,11794,11793,11798,11797,11799,11796,6954,11538,11536,11537,10741,10740,10742,10766,10765,10764,10763,10762,10756,10761,10760,10755,10758,10753,10767,10759,10757,10754,11457,11460,11459,11458,11493,11772,11309,11308,11301,11302,11303,11477,11468,11476,11478,11475,11464,11472,11469,11465,11470,11474,11473,11466,11467,11471,7266,7265,7259,7264,7262,7268,7267,7260,7261,7263,11903,10771,10770,11461,11615,11616,11614,11617,7258,7257,7256,7255,7254,7253,7251,7250,7249,7248,7247,7252,7215,7219,7220,7221,7222,7214,7217,7218,7213,7216,11902,6931,6934,6929,6930,6933,6932,11820,11818,11817,11816,11819,11824,11814,11822,11811,11812,11823,11815,11825,11813,11821,10748,10745,10746,10743,10744,10747,10769,7562,7564,7563,7565,7561,7533,7526,7528,7529,7530,7531,7532,7527,7534,11887,11886,11885,6831,11121,11120,11119,11123,11116,11117,11122,11118,7291,7292,11125,11127,11129,11128,11126,11708,11376,11639,11042,11043,11044,7468,7470,7467,7465,7466,7469,7464,7463,7471,6880,6895,6894,6893,6892,6891,6875,6890,6889,6888,6887,6885,6884,6876,6883,6882,6881,6877,6878,6896,6879,6874,6886,11191,11190,11189,11188,11192,11193,11187,11194,11195,11196,11327,11326,11321,11322,11323,11328,11329,11319,11325,11324,11320,7631,7632,7633,7629,7630,7628,11250,11252,11249,11251,11253,6833,8139,8138,11396,11636,7678,7671,7673,7674,7672,7670,7676,7677,7675,6961,7149,7148,10975,10974,10973,10972,4143,11228,11229,11232,11231,11227,11230,7062,7644,7645,11559,6957,6955,6956,11038,8415,8416,8417,8418,10954,10953,11375,11370,11373,11372,11369,11371,11368,11374,4253,4254,4255,11037,8208,8207,8203,8202,8210,8209,8201,8199,8204,8205,8206,8200,11700,4317,4314,4316,4315,4313,4318,4311,4319,4320,4324,4323,4322,4321,4312,4325,11409,11408,11407,11784,11571,10777,10776,10775,10774,10773,10778,10772,7493,11901,11900,11899,11898,11897,11896,11895,11894,11893,7627,7626,7625,7624,11557,11554,11556,11555,4168,4170,4169,4171,6732,6733,6734,6735,6736,6737,6738,6767,6766,6765,6760,6763,6762,6761,6768,6764,6758,6759,11702,11703,11701,10805,10809,10804,10803,10802,10808,10806,10807,11488,11487,11489,11492,11486,11485,11482,11483,11491,11481,11480,11479,11484,11490,11692,11688,11691,11693,11695,11694,11686,11681,11687,11684,11683,11689,11696,11699,11698,11690,11697,11685,11682,10795,10793,10794,8080,8075,8081,8082,8083,8084,8076,8085,8087,8086,8074,8079,8077,8073,8078,10875,10880,10878,10881,10891,10882,10886,10877,10884,10885,10892,10893,10890,10876,10889,10879,10883,10888,10887,11112,11115,11114,11113,11111,11110,11395,11394,11711,11714,11715,11709,11710,11716,11713,11712,11717,7566,7567,7302,7303,7305,7306,7307,7304,7301,7299,7300,7127,7128,7129,7141,7140,7130,7138,7137,7136,7131,7132,7133,7135,7139,7134,7420,7415,7421,7422,7423,7418,7417,7419,7424,7425,7427,7416,7426,7406,7396,7405,7404,7397,7403,7402,7401,7400,7398,7399,11009,11005,11008,11011,11010,11007,11006,11012,11070,11071,11069,11068,11067,11066,11346,11362,11345,11356,11355,11354,11353,11352,11359,11351,11350,11349,11348,11347,11360,11361,11358,11357,10749,11671,11673,11674,11679,11678,11675,11676,11667,11666,11677,11664,11668,11669,11672,11670,11665,11563,11564,11565,11566,11567,11568,11562,11569,11561,11570,11560,11776,11775,11462,6806,6807,6809,6808,6816,6815,6814,6812,6811,6810,6813,10908,10920,10909,10919,10918,10917,10912,10911,10923,10914,10915,10916,10910,10913,10922,10926,10925,10924,10921,11854,8091,11027,11028,11021,11020,11025,11015,11024,11023,11022,11017,11018,11019,11026,11016,13248,11766,11767,11768,11771,11770,11769,13383,4923,4922,4614,4615,7151,8577,8576,8575,8354,4618,11792,8033,8052,8053,8045,8050,8049,8048,8051,8054,8046,8047,8042,8043,8044,4718,4720,4730,4729,4719,4721,4723,4722,4726,4727,4728,4725,4717,4724,4645,4803,4804,4802,11877,10971,4642,12264,5061,5037,4590,4596,4597,4594,4593,4592,4595,4599,4598,4588,4589,4591,11976,11977,7099,7100,7101,7102,7105,7103,7104,11048,11049,11050,11051,11047,11046,11045,11937,11938,12091,12090,12089,12088,12086,12087,12085,2815,2811,2816,2817,2812,2813,2814,6850,6851,6849,6848,6846,6847,11553,11552,16352,11233,11828,11829,11830,11831,12417,6936,6935,10810,7122,7118,7119,7117,7120,7116,7115,7121,7682,7681,7334,7333,7335,7332,7331,7330,11579,11581,11578,11580,7365,7361,7362,7360,7359,7358,7363,7366,7364,7368,7369,7370,7367,7150,11004,11003,11002,16456,16457,16458,16464,16465,16459,16460,16462,16461,16463,16409,11041,11040,11039,11013,11014,8032,8030,8029,8031,7314,11729,11730,11731,7293,13368,13369,6787,6786,6785,6784,6783,6782,6781,6780,12234,7390,7391,7392,7393,7394,7395,8072,6951,6795,6794,6792,6791,6793,11184,11186,11185,8459,8458,8457,8456,8455,8449,8452,8450,8451,8454,8453,4547,4546,4545,4542,4541,4540,4539,4538,4544,4548,4543,6950,6949,6948,4222,6999,11649,11648,8093,4178,4177,4176,4175,4174,4172,4173,3410,11606,11605,2960,7173,7319,7318,7317,7316,8374,8370,8365,8379,8378,8366,8373,8369,8376,8375,8377,8380,8371,8367,8368,8372,8382,8381,2872,2759,2760,2758,11546,11544,11543,11542,11545,10995,10996,10997,10998,11201,11200,3274,11031,11032,11033,11034,11035,11036,11030,11029,11837,11845,11844,11843,11842,11841,11840,11838,11839,11430,11428,11431,11432,11433,11434,11435,11436,11429,5137,10796,10797,8141,8140,11087,7602,7601,7603,7604,7605,7606,7607,7608,7600,6842,6843,6841,6844,2707,2706,2708,2709,2711,2710,2712,2713,2714,2715,2705,11167,11638,8413,10951,10949,10950,10948,10947,10945,10946,10952,11550,11549,11164,11165,11166,11163,10820,10819,10818,10816,10815,10817,7288,7289,7290,3572,3571,7664,7663,7661,7662,3713,3714,3715,7407,7411,7412,7410,7409,7408,7413,11620,11621,11622,11623,11072,11073,11168,11179,11178,11177,11176,11175,11180,11173,11172,11171,11170,11169,11174,6752,6753,6754,11446,11448,11449,11447,11140,7320,8524,8525,8526,3519,11378,11381,11379,11380,2652,2653,2654,2655,2656,2657,2666,2665,2660,2663,2659,2658,2662,2661,2664,15499,15498,15497,15496,15500,4132,4130,4128,4129,4131,4127,4126,4138,4142,4139,4136,4141,4137,4140,7372,11809,11808,11807,11810,11806,11805,11804,11454,11456,11450,11453,11452,11451,11455,11834,11832,11833,11836,11835,11790,7340,7339,6750,2935,11574,11572,11577,11575,11573,11576,8572,8573,4194,4192,4191,4190,4195,4189,4200,4199,4198,4197,4196,4193,11660,14892,14893,14884,14885,14887,14888,14886,14889,14891,14890,11511,11517,11518,11519,11514,11513,11512,11509,11516,11510,11515,11075,11074,11077,11076,10811,11846,11921,11922,11923,11929,11925,11926,11927,11928,11924,7649,7648,7647,7646,3384,3386,3385,6979,6928,6927,6926,6925,7324,3339,6868,3087,8292,7060,7059,7061,13125,13126,13127,11910,11906,11909,11904,11908,11907,11905,13388,13389,13390,8569,11334,11335,11336,11337,11332,11338,11339,11340,11342,11343,11344,11330,11333,11331,11341,4351,4350,4349,6960,6959,7162,7154,7164,7161,7163,7160,7159,7158,7157,7156,7155,7153,2334,2335,2336,2340,2332,2338,2339,2333,2337,11914,11916,11913,11915,11917,11918,11919,11920,7342,7341,2595,11658,11657,11655,11656,3516,3517,3515,3513,3514,2963,2966,2964,2965,2962,6858,6857,4305,11437,11438,11439,11442,11440,11441,11443,7590,7594,7589,7588,7587,7586,7585,7592,7591,7595,7593,7597,7598,7599,7596,11733,11732,2374,2373,5138,3534,7123,7124,7548,11582,14689,7325,4252,7665,7234,7240,7243,7242,7236,7245,7241,7239,7238,7237,7235,7244,6978,2603,2604,7152,6872,6873,7634,7462,7326,7327,7329,7328,7540,7541,7539,7543,7542,7538,7537,7536,7535,2509,6869,6870,6871,10861,10862,10868,10863,10867,10864,10865,10866,7666,11595,11593,11594,11592,7172,6963,6977,6976,6975,6974,6973,6972,6971,6970,6969,6968,6967,6966,6964,6962,6965,7521,11802,11416,11584,11426,11425,11424,11423,11422,11420,11419,11418,11417,11421,3840,3845,3844,3837,3838,3839,3843,3841,3842,7344,7345,7346,7347,7348,7354,7357,7356,7343,7350,7351,7352,7353,7355,7349,7487,7224,7225,7147,7451,7461,7449,7450,7452,7453,7454,7455,7456,7457,7458,7459,7460,7373,7374,6818,6819,6817,6822,6823,6824,6820,6821,2536,7274,7279,7277,7278,7273,7280,7281,7282,7276,7272,7275,7270,7269,7271,7057,3991,7106,11392,11391,11390,11393,7142,6938,2755,2756,6832,6986,6987,6988,6989,6985,6984,7208,7198,7200,7199,7202,7203,7207,7204,7205,7206,7201,15384,15383,15382,15380,15379,15378,15381,14857,14855,14856,4857,4937,7126,7125,14858,12503,12502,14680,14681,14682,7058,4712,4713,8094,10896,2561,2562,2560,2559,2568,2567,2566,2565,2563,2564,7371,3645,3644,3642,3641,3638,3639,3637,3635,3634,3646,3633,3640,3647,3636,3643,3648,6826,6830,6829,6828,6827,14943,14944,14945,14946,14949,14950,14947,14948,14951,14942,2864,10834,10840,10835,10836,10837,10841,10842,10843,10838,10839,10844,2489,2490,2488,2487,2486,6840,6834,6835,6836,6837,6838,6839,14669,4771,8211,3301,8562,8556,8557,8560,8555,8554,8553,8552,8559,8561,8558,11078,11086,11085,11079,11084,11083,11082,11081,11080,2867,2865,2866,7001,7025,7000,7027,7002,7003,7004,7005,7006,7007,7008,7009,7010,7026,7011,7013,7015,7016,7017,7018,7019,7020,7021,7022,7023,7024,7012,7028,7014,2934,3383,2702,2701,2704,2700,2699,2703,3669,3655,3658,3654,3666,3667,3672,3671,3670,3673,3665,3657,3656,3659,3660,3661,3662,3664,3668,3663,14621,7337,7338,15600,15599,15603,15601,15602,6757,6995,6996,7336,6983,6982,6981,6980,7522,11774,8225,10739,10732,10733,10734,10735,10736,10737,10738,10846,8071,4906,10768,5133,5134,5135,5136,11363,11364,11365,11366,11367,12248,11783,11782,14611,14612,14613,14614,14615,14616,14610,11618,2796,2795,2794,2793,2361,14982,3194,14794,5011,3545,3542,3543,3547,3546,3544,3109,3110,3113,3106,3112,3107,3105,3108,3104,3111,15076,15075,15074,11646,11647,2855,11736,11742,11741,11735,11743,11734,11740,11739,11738,11737,8320,8321,8322,8323,8324,5025,5027,5026,4711,4710,15146,15147,13274,13275,13262,13276,13277,13264,13257,13261,13263,13260,13265,13266,13267,13268,13269,13256,13270,13259,13258,13272,13271,13273,4577,4578,4581,4580,4579,4564,4570,4565,4566,4576,4575,4574,4573,4572,4571,4567,4569,4568,2503,2505,2502,2504,2499,2500,2501,12387,4407,4408,4409,4410,4411,4412,4406,4405,4404,4403,4402,4401,2537,4534,4535,4536,2926,2925,2986,8291,11780,11779,11778,11777,5087,5086,5085,5084,2470,3125,3280,3887,12446,12447,12448,12445,12444,12450,12443,12449,12152,12151,4051,4052,2731,2732,2510,6923,6920,6921,6922,6924,4006,11852,11851,11850,11848,11853,11847,11849,2345,2346,11705,11704,8058,8057,8056,8059,8066,8055,8060,8067,8061,8062,8068,8064,8065,8063,4119,4022,11630,8384,8383,11883,11884,12039,12038,2570,2569,3023,3027,3026,3025,3024,3020,3016,3014,3015,3012,3022,3017,3018,3021,3019,3013,15072,15120,12544,12538,12539,12545,12541,12542,12540,12543,12546,2847,2848,12616,12617,3712,3711,3710,5166,2392,2397,2398,2408,2393,2396,2409,2407,2406,2395,2405,2399,2394,2403,2402,2389,2390,2401,2400,2404,2391,2590,2593,2591,2592,8360,14727,2299,2298,11105,11097,11107,11090,11091,11092,11093,11094,11109,11096,11095,11101,11104,11103,11102,11106,11100,11108,11098,11099,3126,4120,11990,3895,3896,3894,3893,3272,13169,2438,2441,2440,2439,2437,2436,2435,2434,2433,2432,2431,2428,2430,2429,8233,8231,8230,8229,8228,8227,8226,8232,8234,12265,8407,2879,2880,12110,15012,15014,15010,15013,15011,4106,4114,4113,4110,4104,4107,4105,4108,4112,4111,4109,16195,16204,16196,16198,16199,16200,16201,16202,16203,16197,8414,4643,4644,2410,2411,2412,2491,2492,2493,2482,2484,2485,2480,2483,2481,8213,8212,2830,2829,2828,2832,2831,13155,13154,13153,13152,13151,13150,2995,3579,4116,4115,8336,8335,3940,3939,3941,3938,3943,3936,3924,3925,3926,3927,3928,3929,3930,3931,3932,3933,3934,3935,3944,3937,3942,16477,16478,4070,4065,4069,4072,4067,4068,4066,4073,4074,4075,4076,4064,4062,4061,4060,4059,4058,4057,4056,4055,4054,4063,4071,7083,7082,7088,7085,7086,7091,7090,7089,7081,7084,7080,7072,7078,7077,7076,7075,7074,7073,7071,7070,7079,7087,14952,14953,11529,15001,11377,4468,4472,4471,4470,4469,4467,4466,4465,4463,4462,4464,16268,12491,12501,12500,12499,12497,12496,12495,12498,12492,12494,12493,7297,16267,16265,16266,4124,4125,11607,11613,11612,11611,11610,11608,11609,3891,3892,2520,2519,4004,4005,4002,4001,4000,3999,4003,11445,3601,2607,2606,4236,4256,4258,4257,8385,8386,8387,8392,8388,8389,8390,8405,8391,8403,8402,8401,8400,8399,8393,8398,8397,8396,8395,8394,8404,4248,6099,25,2951,2952,14841,14840,16270,16269,14845,2301,2302,2300,2303,2304,2305,2306,2307,2308,11142,11143,11144,11145,11151,11141,11149,11148,11153,11161,11162,11160,11159,11147,11158,11152,11146,11157,11156,11155,11154,11150,3236,12153,4355,4354,3923,12552,8090,2594,16487,16491,16489,16490,16492,16488,2376,16354,2763,10671,16278,16279,13313,13312,13311,13308,13306,13309,13314,13310,13307,13316,13305,13322,13315,13320,13321,13318,13317,13319,12397,5096,5094,5095,13134,10970,2749,2868,3907,3909,3910,3908,3905,3906,12332,12330,12331,12329,13290,13289,13288,13287,13286,13301,13302,13300,13292,13299,13298,13293,13294,13295,13297,13291,13296,10814,33,32,34,10751,10750,10752,9999,14627,9902,4079,4088,4084,4077,4092,4080,4090,4083,4082,4085,4091,4081,4078,4086,4089,4087,16493,14622,14623,14624,4225,4224,8326,8325,8216,8217,3273,10085,8356,11718,11723,11724,11719,11720,11722,11721,9715,2640,2639,2638,2632,2631,2636,2635,2634,2633,2628,2629,2630,2637,14628,7414,10452,12595,12596,12597,12594,12599,12600,12601,12602,12603,12598,11727,4399,9593,9594,10238,10236,10237,4049,4050,13354,11826,11827,9617,9618,9619,9621,9622,9623,9624,9616,9620,12371,12223,12221,12222,12224,3578,2651,3132,3131,11626,11627,11625,11624,4969,4968,2953,14728,3090,14768,14769,14766,14774,14771,14772,14767,14773,14770,2442,12328,16483,16484,15399,15398,15409,15405,15404,15410,15407,15403,15408,15397,15402,15401,15400,15406,9607,16440,5023,5024,4625,4624,5564,10324,3195,3093,3823,3824,3152,2764,10510,8501,8511,8514,8508,8509,8510,8512,8513,8507,8502,8505,8504,8500,8499,8498,8506,8503,16345,16344,16343,16346,16342,16340,16339,16338,16337,16341,16347,14394,14395,14397,14398,14399,14400,14396,11601,11602,11603,11604,11600,3081,3082,14667,4990,4989,4995,4991,4992,4993,4994,7851,10813,10812,31,30,5112,5113,5114,5115,5118,5117,5116,5111,18,10392,10391,10390,10393,10388,10389,10387,3197,3198,3199,3200,2596,2597,2598,7953,7952,7954,11873,11876,11875,11874,4889,14973,14969,14974,14964,14965,14970,14971,14972,14966,14967,14968,14871,14873,14872,2511,2512,5978,2954,3043,2377,2380,2387,2386,2385,2384,2382,2381,2378,2379,2383,4249,4379,4378,4382,4383,4375,4376,4381,4377,4380,16433,16427,16431,16430,16434,16428,16435,16432,16429,3324,3323,3327,3330,3326,3325,3328,3329,4461,4460,4459,4458,2717,2723,2716,2718,2720,2721,2722,2724,2725,2726,2727,2728,2729,2730,2719,2477,2479,2478,2476,3592,3593,3594,13324,13331,13332,13328,13323,13330,13329,13327,13333,13334,13335,13336,13326,13325,13337,13191,9908,6825,4479,4477,4485,4484,4478,4482,4481,4480,4486,4483,9712,9696,9697,9701,9700,9699,9702,9698,9714,9713,9711,9710,9705,9709,9708,9703,9706,9707,9704,8152,8155,8150,8160,8149,8147,8153,8146,8145,8144,8143,8142,8148,8159,8151,8157,8156,8154,8158,12536,12535,12537,11535,11533,11531,11532,11534,9693,15121,6173,6174,6175,6176,6177,6178,6180,6179,6181,6182,10458,10459,14146,14144,14139,14138,14141,14142,14143,14149,14148,14147,14140,14145,2736,7284,7283,7285,7287,7286,9692,6247,6248,10119,6245,6246,2684,2685,2686,2687,2688,2683,2690,2691,2692,2689,2698,2697,2696,2695,2694,2693,5233,14985,12398,10138,14869,11641,11645,11644,11643,11642,12140,12139,5506,5507,5508,5513,5514,5512,5509,5515,5511,5510,15058,14790,15056,15053,15054,15055,15057,3121,3408,3409,3407,10407,2985,10460,9903,8364,4864,4870,4871,4872,4866,4867,4873,4868,4869,4865,2844,2837,2839,2836,2840,2835,2841,2842,2834,2833,2838,2843,10239,14983,3277,4385,4390,4384,4387,4388,4389,4386,2748,6104,10224,14859,14860,12979,6853,6855,6854,6852,6856,11970,11968,11969,11974,11971,11972,11973,7712,7715,7714,7716,7713,3848,3851,3852,3853,3856,3855,3862,3861,3860,3858,3857,3854,3859,3850,3849,7687,7688,16309,16310,16311,16312,16313,16314,3890,7294,7296,7295,3956,3955,3954,3957,11283,11284,11268,11270,11271,11272,11273,11269,11275,11276,11277,11278,11279,11282,11274,11280,11281,6152,14795,14986,14987,7766,7765,10569,12372,10068,10067,10066,10062,10064,10063,10061,10060,10059,10058,10065,12929,13101,9802,9803,9804,11803,15039,14850,3193,3982,3472,3471,3469,3468,3473,3470,8411,8410,8408,8409,10859,10860,11053,5170,8034,8039,8040,8041,8038,8037,8036,8035,3091,12969,3900,3902,3901,3898,3899,3904,3903,3177,3164,3163,3162,3161,3160,3159,3158,3167,3166,3169,3170,3171,3172,3178,3173,3165,3174,3175,3176,3168,6997,6998,8358,8359,16467,16466,8027,8026,8025,8024,8023,8022,8021,8020,8019,9915,11891,11890,11889,11888,11892,16391,15158,15165,15164,15163,15162,15159,15160,15161,4457,10871,10874,10873,10872,10869,10870,5838,5841,5842,5840,5839,5837,5836,5835,5834,5833,2820,3084,4888,4887,4886,4885,4883,4884,4880,4882,4881,4879,4878,4877,4876,4875,4874,11773,10194,13970,2778,2780,2781,2779,3071,3070,3072,3073,3074,3075,3076,3077,3078,3061,3067,3068,3066,3065,3064,3063,3062,3069,4019,4018,11585,13158,13156,13157,10475,10474,10473,10476,10472,11726,11725,11064,11065,11930,11931,3134,10783,10782,16380,11586,2375,3155,3156,10628,10626,10627,14670,12981,12982,12983,12984,3871,3870,3872,3873,11801,11800,4853,4849,4851,4854,4855,4856,4850,4852,3051,8725,8727,8728,8726,2600,2601,2602,3446,3447,3439,3444,3443,3441,3440,3438,3437,3436,3435,3434,3433,3432,3431,3445,3442,14556,15528,15530,15529,15527,15526,5522,5523,2388,11680,14763,14764,15067,10505,14626,2362,11619,10821,4634,4638,4628,4633,4632,4631,4627,4635,4630,4637,4639,4640,4641,4629,4636,11707,11706,10800,10798,10799,10801,11315,11313,11312,11317,11318,11316,11311,11314,11310,2605,3001,16353,13624,13053,4265,4273,4272,4271,4270,4269,4266,4268,4263,4264,4267,2471,2472,2473,2474,10779,13230,11299,11295,11294,11298,11300,11296,11285,11286,11297,11288,11289,11290,11291,11292,11293,11287,3278,10792,5286,5285,5287,12966,4698,4699,4705,4702,4704,4701,4703,4700,4697,4691,4695,4693,4694,4692,4696,4808,4805,4807,4806,2788,2789,2790,2792,2791,10828,2454,2456,2461,2460,2459,2457,2458,2455,11197,11198,5107,5106,5105,5104,5108,5098,5097,5109,5100,5110,5101,5103,5102,5099,10901,10900,10899,10898,10897,11263,11264,11259,11265,11266,11260,11262,11258,11261,11256,11255,11254,11257,11267,11633,11632,11631,11634,16225,16224,16223,16236,16233,16234,16235,16232,16230,16237,16238,16239,16231,16226,16229,16227,16228,2990,2989,2988,4587,4585,4586,4584,14922,14924,14925,14923,11637,11635,14555,11410,11411,4121,4122,4282,4283,4284,4281,12965,14067,14068,14069,10944,6342,6345,6347,6340,6344,6343,6346,6341,4563,13076,3361,11932,7568,3834,2776,15166,14359,3151,3150,3149,12977,12976,12975,12978,12973,12974,12971,12972,10020,8536,8532,8534,8533,8535,10001,4275,8680,8679,8678,8681,13244,13234,13240,13247,13235,13237,13239,13245,13238,13241,13236,13242,13246,13243,6790,6789,6788,13100,10789,10784,10790,10785,10786,10787,10788,13096,13097,13098,13099,12980,11124,12466,13011,13015,13006,13014,13013,13012,13009,13010,13017,13016,13005,13018,13008,13007,7764,10791,13255,13254,4144,4152,4150,4151,4146,4147,4149,4148,4145,5459,1983,2747,3497,3500,3501,3502,3503,3504,3498,3499,13082,13081,13080,13084,13079,13078,13077,13083,10907,10906,10905,14356,14358,14357,14355,13003,13004,13453,13452,13454,2878,12396,12970,14035,14034,14033,5012,3116,10730,10729,10728,10731,3275,3276,3345,10781,10780,12135,12134,9916,15559,2739,2738,2737,2740,11936,11934,11935,11933,9917,13377,13379,13378,13380,13376,13373,13375,13371,13372,13374,11199,13283,3508,3507,3506,2162,2165,2164,2163,2750,2753,2752,2751,11388,11386,11382,11387,11385,11389,11383,11384,3050,2969,2970,2913,2895,14354,8412,13052,8129,8130,8119,8118,8127,8126,8128,8117,8120,8121,8122,8116,8125,8123,8124,8114,8115,6121,6120,6124,6122,6123,12334,13278,7033,7039,7040,7032,7035,7036,7034,7038,7037,6952,5295,5293,5292,5296,5291,5289,5288,5290,5294,2800,3989,3990,3115,3114,7660,7659,3945,8543,8547,8546,8545,8544,8542,8548,8541,8549,15155,15156,3000,13122,2765,12271,7145,11663,11662,11661,6253,6252,6251,6250,6249,13103,13104,6119,15132,5922,5923,5924,5921,5925,5919,5920,2979,2978,2977,2976,2982,2980,2981,5743,5744,5746,5747,5748,5749,5750,5751,5752,5753,5745,13249,2041,5567,5568,5569,5570,5566,5565,6324,6323,6322,6321,6320,6319,6318,6263,15167,15168,5502,2766,6198,6197,6195,6194,6193,6192,6196,6191,6190,6189,6188,13364,12409,12408,4391,4392,4393,4394,4395,4396,4397,4398,6380,5305,14935,14937,14938,14934,14936,14931,14933,14932,14930,14929,14928,5820,5821,13725,13724,13722,13723,6594,8002,11628,11629,3337,3338,5764,6186,5306,5307,5308,5309,2777,12951,6303,8531,6304,14318,14317,14319,14320,5983,2799,6224,6220,6226,6230,6223,6222,6229,6225,6221,6228,6227,13054,5606,5605,5604,5603,5608,5609,5610,5607,3694,3695,3696,3697,3699,3698,2287,2288,2289,2295,2294,2293,2286,2292,2290,2291,6034,6032,6033,4554,4553,4552,4549,4555,4556,4557,4558,4550,4562,4559,4560,4551,4561,5231,5232,6237,9632,11728,5388,4743,4742,4747,4740,4738,4739,4744,4745,4746,4748,4741,13955,13956,13954,13953,5696,5697,5473,5477,5478,5475,5474,5472,5471,5476,13644,9569,9568,9567,9566,6281,6274,6275,6282,6276,6277,6280,6279,6278,16422,16421,16420,16423,16424,11748,11762,11752,11761,11760,11751,11759,11749,11758,11757,11750,11745,11754,11746,11747,11744,11756,11753,11764,11763,11755,5263,14520,5916,5915,5914,5913,5904,5903,5905,5906,5907,5912,5911,5910,5909,5908,3707,2050,2051,2052,2048,2049,7069,7066,7064,7065,7068,7067,7063,2112,2113,13832,13833,13831,13830,13834,6243,6240,6242,6241,14157,14156,14155,2225,2226,5337,5336,5334,5335,10497,10499,10503,10500,10501,10502,10498,10504,12557,3813,3807,3815,3803,3804,3805,3814,3810,3809,3806,3817,3808,3816,3812,3811,5684,5683,5682,3922,2007,2006,2008,6008,11978,11979,3145,4928,4929,4931,4930,4932,5892,5896,5895,5894,5893,7308,5212,5042,5044,5043,5038,5039,5040,5041,10670,10977,10978,10988,10989,10993,10990,10987,10986,10985,10994,10984,10992,10982,10981,10980,10979,10991,10983,6741,6745,6743,6749,6748,6747,6746,6742,6740,6744,6739,2043,9610,9611,9613,9614,9612,5239,5238,5237,5236,5234,5241,5242,5245,5244,5243,5240,5235,5249,5246,5248,5247,6067,6068,6069,6070,6071,6072,6065,6074,6075,6076,6077,6078,6079,6080,6073,6081,6066,5666,5665,9914,9585,9584,9583,9582,5917,13845,13846,4374,4364,4372,4371,4370,4369,4368,4367,4365,4363,4373,4366,14290,14289,14288,5433,5425,5424,5423,5422,5426,5411,5421,5420,5419,5413,5414,5418,5417,5412,5427,5428,5429,5415,5432,5431,5416,5430,12473,5982,7520,7519,7518,7517,11304,11305,11307,11306,4690,4617,4616,11524,11525,11523,11522,11521,11520,11526,3362,3363,3364,3365,3366,3367,3368,3370,3371,3372,3373,3369,5498,5497,5496,5495,5494,6308,3060,3379,3382,3378,3377,3376,3375,3374,3380,3381,13843,13842,13844,5956,5958,5957,5532,5531,13634,13633,13635,13629,13628,13637,13639,13640,13638,13632,13641,13642,13630,13636,13631,13250,13251,13252,13253,6595,5525,5524,5526,3994,3995,3997,3992,3993,3996,2166,4360,4359,4358,4357,4356,13232,8214,8215,2784,12141,5318,2682,2681,6024,6023,6022,6017,6018,6019,6025,6028,6020,6027,6026,6021,6031,6029,6030,3135,3136,3137,3138,3139,3140,3141,3142,3101,3099,3100,10375,16418,16417,16416,16413,16415,16414,6642,2893,7802,7803,4362,9996,2030,2032,2033,2034,2031,8103,13660,13661,13659,1962,1963,2754,5768,6185,11089,3387,3279,12261,3835,3836,3120,3650,16580,16577,16578,16579,16575,16574,16573,16576,16572,3604,3603,3602,2448,2449,2450,2451,2452,2447,2453,2446,2445,2444,6641,10199,12037,12270,3315,12133,2971,2972,14707,7707,7708,7709,7710,7711,13461,13462,13467,13466,13465,13464,13463,5662,5663,5664,4247,4223,2783,3191,3192,12395,8131,7233,7232,7231,7230,7229,10231,10232,10230,10234,10233,4779,5959,10427,11872,11871,11870,11855,11856,11857,11858,11859,11861,11862,11863,11864,11865,11869,11868,11867,11860,11866,7813,7811,7815,7812,7814,7816,7821,7809,7808,7807,7817,7818,7819,7810,7806,7820,4274,12416,3482,14679,14676,14677,14678,12985,14602,14797,7847,7850,7849,7848,3465,3463,3461,3462,3460,3464,3466,3458,3467,3457,3459,4909,4908,13731,2104,2105,2106,2107,2108,2109,16248,16253,16252,16251,16254,16249,16247,16246,16245,16244,16243,16242,16241,16240,16250,5093,5090,5089,5092,5091,5088,4134,4133,7736,7734,7733,7732,7731,7739,7740,7745,7737,7744,7738,7743,7742,7741,7730,7735,7830,7831,7836,7835,7832,7833,7834,4166,4165,4164,4163,4162,4161,11427,11640,4582,4583,2233,2232,13384,2854,7987,7986,11960,11959,11958,11957,13879,13878,13877,14102,14101,14100,4228,4229,4227,4231,4230,4226,14154,14153,14580,14581,14582,14583,14584,14585,14588,14587,14589,14590,14591,14579,14592,14586,14577,14578,14576,14575,14189,14186,14188,14187,14190,14517,14518,10509,13482,13481,13483,13485,13484,13486,13487,13488,13489,15412,15417,15414,15418,15413,15416,15419,15415,2824,14804,16274,16275,16273,12530,16357,16355,16358,16356,13059,13060,13061,13062,11912,11911,15565,15564,15563,15560,15562,15561,16419,13416,13417,13418,15063,15059,15060,15061,15062,15064,3086,3085,13820,13819,13818,4333,14822,14819,14830,14818,14817,14824,14823,14828,14829,14827,14820,14825,14826,14816,14821,14762,16542,7703,14917,6412,2111,2110,3154,7686,7685,7684,13478,13477,13476,13475,13474,13479,13480,15573,15569,15574,15568,15571,15570,15572,15567,2850,14270,14275,14277,14274,14271,14276,14272,14273,14269,14268,14278,3962,7693,7689,7690,7691,7692,12304,12303,12305,12306,12308,12307,12309,12320,12319,12318,12317,12316,12315,12310,12313,12314,12312,12311,11879,11881,11882,11880,9057,9052,9061,9060,9059,9058,9053,9054,9055,9056,3028,11528,6603,6601,6600,6608,6605,6609,6604,6602,6611,6606,6610,6614,6607,6613,6612,10235,8762,8761,8760,8759,8758,8757,3577,3576,3575,3574,3573,12399,12401,12400,9324,3049,15136,3920,3918,3919,3921,8955,8954,8956,9239,9236,9237,9238,9235,12344,9517,10361,11052,15085,15084,14137,4182,4183,4184,4237,2809,8111,8113,8112,2627,2626,2625,2623,2622,2624,2620,2608,2609,2610,2611,2612,2613,2621,2615,2616,2614,2617,2618,2619,14041,14791,15127,15128,13727,13729,13730,13728,5661,5660,4094,4095,4096,4097,4093,4098,4101,4100,4102,4103,4099,3584,3582,3581,3585,3586,3587,3588,3589,3590,3591,3583,11551,7841,1914,7869,15019,10594,59,3190,40,36,37,39,38,9121,9120,11130,11134,11133,11132,11139,11138,11137,11136,11135,11131,14605,14606,10534,10535,10536,10537,2894,15624,15627,15623,15622,15621,15620,15619,15618,15626,15625,4622,4621,4620,4623,7889,13553,13554,13552,6576,13836,4290,6496,6497,11213,11208,11207,11206,11205,11204,11203,11202,11211,11212,11214,11210,11218,11209,11216,11217,11215,9531,9525,9526,9527,9528,9529,9530,14415,14413,14416,14403,14412,14411,14410,14409,14408,14417,14401,14407,14406,14405,14404,14402,14418,14414,14420,14421,14419,11987,11988,11989,16441,2819,3201,12548,14708,14135,14134,14133,14132,14130,14131,14136,5387,6064,2997,2998,2996,2999,5501,14191,14192,14193,14194,14196,14197,14195,7999,8000,7998,9310,7706,7705,7704,16263,16262,2347,9247,5631,5632,2768,24,16336,5733,5732,5730,5734,5729,5728,5727,5726,5725,5724,5731,5722,5721,5720,5735,5736,5737,5738,5723,5719,15073,16550,16549,16551,7315,6590,6593,6587,6588,6589,6591,6592,6586,16541,2036,2037,12093,12092,2414,2423,2425,2413,2427,2421,2420,2419,2418,2417,2416,2415,2422,2426,2424,14093,14094,14095,14096,14097,14091,14099,14090,14098,14092,14700,14705,14704,14703,14702,14706,14701,14699,16324,16325,16323,4031,4032,4033,14569,14574,14568,14573,14572,14571,14570,3143,14675,12376,12375,12374,12373,14909,14910,14916,14912,14913,14914,14915,14911,12378,12377,2076,2077,2075,14475,7798,13611,13612,13613,13614,13615,13616,13620,13610,13623,13617,13622,13619,13621,13609,13618,13607,13606,13605,13604,13603,13602,13601,13608,6583,6584,6585,6580,6579,6582,6581,6447,6452,6446,6444,6454,6455,6456,6457,6443,6451,6458,6445,6450,6449,6448,6453,5167,8522,8521,15007,15008,15006,15009,15005,8528,8527,2046,2044,2045,2047,8286,8285,9079,9082,9080,9081,9083,14640,14639,14642,14641,13645,5326,5327,5329,5328,9599,9598,6042,6041,6040,6043,12041,6058,6057,6056,6059,6060,6055,6054,6053,6061,6062,6063,6052,10902,10903,10904,4619,7747,7749,7746,7748,6487,6488,16568,16556,16555,16566,16565,16564,16563,16552,16562,16561,16567,16553,16559,16558,16557,16554,16560,2898,3231,3235,3227,3229,3230,3234,3233,3232,3228,2877,2876,5993,8645,8644,8646,8647,2091,2092,2093,2094,2095,2096,2097,2090,2099,2089,2101,2102,2103,2100,2098,6111,6110,6109,6108,3963,2475,6994,13807,13808,13812,13811,13809,13810,4023,4030,4029,4028,4027,4026,4025,4024,8827,8821,8822,8824,8825,8826,8823,3950,3949,3948,3947,5021,5019,5022,5015,5018,5017,5013,5014,5020,5016,7845,7843,7844,7824,5871,5870,5869,6273,15071,14868,3449,16285,16308,16307,16306,16286,16304,16299,16300,16301,16302,16305,16303,16298,16297,16284,16283,16282,16281,16280,16287,16289,16288,16291,16292,16293,16294,16295,16296,16290,5819,5817,5818,3058,2679,2680,2671,2678,2677,2676,2675,2674,2673,2672,2670,2667,2669,2668,3095,3146,7697,7700,7696,7695,7694,7699,7698,9129,9130,9137,9128,9127,9132,9133,9134,9135,9136,9126,9125,9124,9131,9138,2983,16328,16335,16334,16333,16332,16331,16330,16329,16326,16327,16187,16186,16185,8567,8568,8566,8563,8564,8565,5500,6359,13813,13814,13816,13815,2801,13868,13876,13871,13870,13867,13869,13875,13866,13873,13874,13872,13865,13864,13862,13863,8001,15091,1949,1948,1952,1947,1950,1953,1951,3781,72,77,76,75,74,71,68,69,70,73,5850,5847,5851,5863,5865,5853,5864,5844,5861,5854,5855,5845,5856,5857,5849,5858,5846,5852,5848,5859,5860,5862,5866,13541,13540,15003,15004,701,704,702,703,6360,14594,14593,6401,2973,14422,14637,14636,14635,14634,14633,14629,14631,14630,14632,9758,6644,6645,7804,16384,16479,5656,5659,5653,5658,5657,5654,5651,5650,5652,5655,5649,9039,2551,2552,2546,2548,2549,2553,2554,2550,2547,2558,2555,2556,2557,2545,3481,3480,3479,3478,3476,3475,3477,3474,16425,4491,4488,4489,4490,4487,4492,10251,10252,3251,3252,3250,3256,3255,3249,3253,3245,3244,3243,3254,3242,3246,3247,3248,6615,54,55,57,56,53,12404,12403,12402,12405,12461,12462,12460,12459,13341,7951,2518,2513,2514,2515,2517,2516,13990,13985,13984,13983,13997,13989,13988,13996,13995,13994,13991,13993,13992,13987,13986,12525,2182,2185,2183,2184,2186,12136,12137,12138,14519,6187,2803,13952,3122,3123,5806,2775,9783,5503,16351,16350,16349,16348,5739,5740,5742,5741,10496,9667,10304,10305,10306,10307,10308,10309,10310,10311,10312,2931,3767,3772,3764,3765,3766,3768,3769,3770,3771,2078,16486,3102,3340,3343,3344,3341,3342,15038,2870,2871,6,7,8,16,17,15,9,14,11,2,12,3,13,4,5,10,2351,2350,2348,2349,16207,16208,16206,16205,65,12142,12143,12144,12145,12147,12146,10303,5005,2994,5648,3738,3742,3743,3737,3741,3744,3736,3740,3734,3733,3727,3739,3726,3731,3730,3729,3745,3746,3728,3735,3732,9290,8876,3566,3567,3564,3565,3568,3569,3570,9753,9759,10225,8235,9790,9655,4601,4605,4600,4604,4603,4602,16400,16399,16398,16397,13110,4526,6151,13409,13420,13419,10209,10210,10211,10212,10213,10214,10215,10216,10208,2933,5873,5179,16404,16395,16510,16512,16514,16513,16511,16509,16508,16506,16505,16504,16503,16502,16501,16500,16507,5139,9312,9315,9313,9314,3220,3221,3223,3222,16481,16271,16272,12113,12112,12115,12114,12111,3351,3350,3346,3348,3347,3349,14775,16396,15395,15394,10036,5717,5716,5715,5714,10084,4777,4776,4775,4774,4773,4778,16401,8089,1,5080,5081,5082,5073,5079,5078,5072,5071,5077,5083,5074,5076,5075,16482,15134,6537,6529,6525,6530,6526,6531,6527,6528,6533,6523,6534,6522,6521,6535,6536,6532,6524,14907,9694,3511,9823,3627,3624,3629,3632,3623,3625,3626,3628,3630,3631,3622,2263,2267,2269,2264,2265,2266,2268,14754,16403,16402,4432,4438,4434,4439,4440,4441,4442,4437,4431,4443,4444,4430,4436,4445,4435,4433,14070,2462,2463,2762,12028,6693,16438,16437,16436,10155,4786,4789,4784,4785,4788,4797,4787,4791,4780,4790,4781,4794,4793,4782,4795,4792,4796,4783,3054,14004,14000,13999,14003,14002,14001,5686,5687,5688,5689,5690,5685,5691,5692,9380,3117,14792,13502,13505,13504,13503,14793,5330,5331,6725,6726,6730,6731,6727,6728,6729,13355,2589,2928,3092,15547,15551,15557,15556,15555,15554,15545,15553,15546,15552,15548,15549,15550,23,22,7842,2974,10076,21,12606,12605,12604,2821,10083,4400,41,46,50,49,42,47,43,48,45,51,44,16264,14846,14847,2984,13117,13116,13115,13120,13114,13112,13111,13118,13113,13119,9592,2818,15566,15170,5617,5613,5616,5615,5614,10106,2804,2805,2806,7480,9695,10356,3052,8028,10464,9857,19,20,12240,12239,12238,9373,9374,9375,5942,13359,13358,13360,13891,13892,13893,13889,13888,13887,13890,6422,6423,8578,7846,6520,4970,7829,64,2927,7389,7388,7387,14760,14761,4361,14709,7761,102,97,98,99,103,101,100,12940,66,4474,4473,4476,4475,4123,8574,659,660,664,661,668,667,666,662,663,658,657,665,669,655,654,653,670,652,656,3059,14493,14492,14491,14490,14488,14489,6680,6796,6797,6798,7549,6692,7226,2897,10253,10847,10848,10854,10851,10855,10856,10853,10849,10850,10852,10858,10857,14370,3186,3187,4752,4755,4756,4753,4751,4750,4749,4754,15106,4976,4977,4980,4981,4982,4983,4978,4985,4988,4987,4986,4979,4984,5676,5675,8464,8473,8465,8471,8470,8469,8468,8461,8472,8467,8466,8475,8463,8462,8474,14905,14904,14903,14902,14901,14900,14899,14897,14896,14898,14895,13861,13860,13149,13148,9317,9316,9318,9319,9320,5408,5409,10894,8304,8303,357,355,356,1971,8597,10895,4340,4348,4347,4346,4345,4344,4342,4341,4343,6958,11463,114,113,3133,6577,8634,8635,8636,4963,4956,4962,4961,4960,4959,4958,4957,10031,12343,12339,12338,12341,12336,12335,12342,12337,12340,12512,12509,12510,12511,12513,12514,12515,12609,6681,6682,149,13658,13657,12418,12419,12420,12421,0,6860,2647,2649,2650,2641,2646,2642,2645,2648,2643,2644,13742,13741,13740,13739,3196,15070,15069,3124,14209,14210,14208,14204,14206,14205,14203,14202,14201,14200,14199,14198,14211,14212,14213,14214,14215,14207,13941,13940,13935,13939,13932,13933,13934,13936,13937,13942,13938,8529,4933,7890,7891,14844,304,303,10833,10830,10831,10829,10832,9463,9468,9455,9454,9453,9452,9451,9450,9449,9448,9456,9457,9467,9459,9460,9465,9466,9462,9461,9458,9464,4419,4427,4421,4426,4425,4424,4423,4428,4420,4422,4417,4416,4418,4413,4414,4415,4429,14782,14783,14784,14785,14787,14788,14789,14786,8331,8332,8333,4913,4921,4920,4918,4917,4916,4911,4912,4914,4915,4919,9272,9279,9276,9275,9280,9281,9282,9283,9284,9285,9286,9274,9273,9278,9277,9271,9270,128,129,14643,14310,14309,14308,14307,5000,5001,5002,5003,4999,4998,4997,4996,5004,3157,6705,6706,6707,8302,8301,8300,8299,8298,8296,8297,15930,15931,15929,15391,13847,13894,13895,3580,9051,3281,13998,8134,8136,8135,8362,3505,11558,14254,468,467,466,463,464,469,462,461,465,470,672,3218,3219,8132,7507,7508,7509,7510,7511,7512,7513,7506,7505,14455,8092,14963,14962,693,695,696,694,13962,15126,3688,3689,3690,3692,3691,12364,12365,14564,14567,14566,14565,14563,705,10557,10560,10559,10558,10563,10564,10565,10566,10567,10568,10556,10555,10561,10562,10554,10553,16021,26,14367,6473,6472,6471,6470,6474,12585,12584,12583,12586,13501,2885,15099,16448,16452,16453,16449,16444,16446,16445,16443,16450,16447,16451,15042,15043,15045,15049,15050,15051,15052,15046,15048,15040,15047,15041,15044,16548,8460,9349,9344,9350,9343,9348,9351,9342,9352,9347,9341,9339,9338,9346,9345,9340,10686,8907,8905,8908,8910,8911,8909,8906,10687,10689,10688,9982,12032,12031,12033,12029,12030,14168,14169,3951,3952,3953,3708,3709,8422,8423,8424,8421,8420,13407,13402,13403,13401,13404,13406,13405,13408,14316,14315,14314,14313,14311,14312,6578,11527,592,593,590,591,14128,14129,14127,14126,14125,14124,14123,6568,7702,7701,13963,1972,14525,320,8005,8004,8003,2822,10000,439,14981,11088,13885,309,310,311,312,305,313,317,306,316,315,314,308,307,13514,13510,13511,13509,13508,13507,13506,13512,13513,13515,14267,14265,14264,14266,2208,12024,12025,12026,3969,3967,3968,3966,236,237,238,240,235,234,233,232,241,242,243,239,245,244,15396,13548,13542,13545,13546,13549,13543,13547,13544,13837,13838,4117,15582,15583,15578,15577,15580,15575,15579,15576,15581,12451,9871,9889,9865,9866,9870,9872,9867,9888,9886,9887,9868,9885,9861,9873,9862,9863,9869,9884,9883,9881,9882,9879,9878,9877,9876,9875,9874,9864,9880,7955,4910,10681,10680,10682,10678,10677,10679,10683,2883,2884,2882,2881,284,285,10532,10531,10533,13558,13559,13561,13560,13556,13557,13555,9630,9631,9629,9628,9626,9627,10406,10405,12126,12120,12122,12121,12125,12123,12124,8886,8887,3866,7772,7769,7771,7770,601,602,16219,16220,16218,16216,16211,16221,16222,16215,16210,16214,16213,16212,16217,6306,10141,10144,10143,10139,10145,10146,10147,10148,10149,10142,10140,216,215,210,214,208,213,211,217,209,212,15533,15532,15536,15537,15538,15539,15534,15535,15521,15522,15510,15524,15525,15519,15523,15518,15520,15516,15503,15504,15505,15506,15507,15508,15517,15511,15512,15509,15515,15513,15514,14780,3897,15495,15494,15493,15492,15491,621,622,619,618,617,620,134,3127,10511,15531,12242,12243,3985,3984,3987,3986,13303,13304,15068,58,6685,6684,6686,6683,6690,6689,6688,6687,15086,3529,3524,3527,3523,3528,3532,3530,3526,3531,3525,3522,10376,3144,8018,8016,8015,8014,8013,8017,8011,8012,13950,13949,13951,13947,13948,3518,105,14796,3119,3118,3701,3702,3703,3705,3700,3704,3706,10385,10384,539,2053,12352,12349,12351,12353,12354,12347,12348,12350,5062,163,4035,4034,11789,11788,11786,11785,11787,10203,10201,10202,545,5989,5991,5992,5990,15096,15095,15094,15093,15092,15098,15097,8106,4495,4494,4493,4496,3970,12516,6485,15610,15612,15617,15609,15615,15611,15613,15616,15614,680,6619,6616,6620,6618,6617,15649,15650,15651,15652,15653,15655,15656,15654,14729,8433,7823,7822,9681,15585,15586,15587,15584,15589,15588,3595,3596,9921,9920,9924,9919,9922,9925,9923,2810,8287,8288,8289,8290,15629,15630,15631,15632,15633,15628,4448,4451,4456,4455,4454,4446,4447,4453,4449,4452,4450,5069,5064,5068,5067,5066,5065,5070,5063,8571,8570,5581,5582,5583,5586,5585,5580,5587,5588,5584,5579,5575,5578,5577,5576,5574,5573,5572,5571,5589,5590,11981,11980,11983,11984,11982,11985,12953,12952,12454,12455,5898,5897,6478,6481,6477,6476,6482,6479,6480,10580,10575,10581,10588,10587,10586,10579,10585,10584,10577,10583,10576,10573,10574,10578,10582,12939,12938,12937,12936,12935,12934,12933,12932,16007,16006,111,231,9293,9291,9292,13896,6145,6144,6146,6148,6147,15375,15374,15376,15377,15373,15372,15366,15367,15370,15369,15368,15361,15362,15363,15364,15365,15371,2741,14487,15707,15708,16411,16412,16410,12390,12389,12391,12394,12393,12392,12388,168,166,165,164,169,167,170,171,2987,12930,12931,7108,7107,143,146,147,148,144,145,343,347,346,345,351,350,349,344,353,342,354,348,352,9972,6305,16315,16316,16317,16318,16319,16320,16321,16322,406,405,407,404,403,402,412,414,411,410,408,401,409,413,2744,2742,2743,2745,10228,16122,16124,16123,4528,4527,16426,8426,8425,4798,4799,4800,4801,12254,16385,122,121,116,117,118,115,125,119,124,127,120,126,123,6661,6660,6659,6663,6658,6657,6662,6667,6665,6664,6669,6668,6666,14959,14960,14961,10530,8539,8538,8537,14927,12575,12570,12574,12563,12562,12558,12559,12561,12564,12565,12567,12568,12566,12569,12560,12571,12572,12573,5317,8724,9472,16529,16532,16531,16530,16528,4154,4155,4156,4157,5900,5901,5902,6118,8673,8667,8675,8671,8676,8670,8674,8672,8677,8669,8668,5977,8697,14671,14674,14672,14673,5718,13737,454,14474,6256,12185,12181,12182,12189,12188,12187,12184,12190,12186,12183,9248,5960,5180,14870,7753,7754,7752,7757,7758,7759,7756,7755,7750,7760,7751,4508,9211,9212,7876,13697,13698,6643,13106,13108,13109,13105,13107,13147,13146,13145,13142,13140,13144,13143,13136,13138,13137,13139,13141,60,14806,6302,3128,4295,4297,4299,4296,4298,4291,4294,4292,4293,6714,6715,6716,6717,6713,15809,15808,14603,10520,10521,10522,10523,10526,10513,10514,10516,10524,10518,10512,10515,10517,10519,10525,13214,13208,13193,13195,13196,13197,13198,13199,13212,13192,13211,13209,13207,13200,13201,13202,13203,13204,13210,13205,13194,13213,13206,8981,8983,8984,8985,8982,83,84,85,15997,5456,5458,5457,2734,2735,10115,6244,13945,13944,13943,15684,8530,6696,6150,14648,14647,16498,16499,3320,3319,3318,15720,15721,15722,5192,5191,5189,5188,5190,5187,8007,6035,6036,15922,15921,15100,15137,14108,7903,7905,7904,7900,7902,7901,7906,7898,7899,5647,5646,5645,5644,5643,5642,5641,5640,5639,5638,5636,5635,5633,5637,5634,15805,15804,15803,15802,15801,15786,15800,15787,15788,15789,15791,15792,15793,15790,15795,15796,15797,15798,15799,15794,15806,7146,3483,3485,3484,13231,5827,4014,4013,4012,4008,4009,4010,4011,4007,14536,14537,14538,14533,14528,14527,14526,14529,14530,14532,14535,14539,14531,14534,15812,283,4924,4925,4926,4927,14038,14039,14037,14036,14040,14164,14166,14165,14163,14162,14161,14159,14160,9046,9048,9045,9044,9047,9049,9042,9043,9050,7056,7055,15133,14546,7442,7443,7444,7445,7446,7448,7447,7185,7174,7175,7176,7177,7178,7179,7191,7180,7184,7190,7181,7182,7189,7183,7188,7187,7186,16209,7209,7210,7212,7211,6993,6992,6990,6991,15832,15830,15827,15831,15829,15826,15828,15823,15824,15825,7667,6805,6799,6800,6801,6802,6803,6804,16145,6112,6113,6117,6116,6115,6114,10593,7912,7914,7915,7917,7918,7923,7922,7921,7920,7919,7913,7916,15878,15879,14920,14921,14919,14918,7762,6751,7094,7053,7041,7052,7043,7042,7045,7054,7046,7047,7048,7049,7050,7051,7044,3238,12484,5593,5592,14957,7380,7386,7385,7384,7383,7382,7381,7379,7378,7377,7376,7375,7322,7323,7321,7096,7584,7573,7574,7570,7575,7576,7577,7583,7578,7580,7581,7582,7572,7569,7579,7571,15985,10354,3598,3597,15715,15710,15709,15713,15719,15718,15711,15717,15714,15716,15712,5302,5303,5300,5299,5298,5301,5899,14114,14113,14112,14111,14110,14115,8962,8965,8964,8967,8963,8971,8961,8960,8966,8959,8968,8969,8970,8958,7799,15141,15140,15139,15138,15142,301,7783,7779,7778,7777,7780,7781,7782,7784,7785,7794,7793,7792,7791,7789,7790,7786,7788,7787,15541,15542,15540,15543,4675,4678,4677,4676,4672,4674,4670,4671,4673,4714,7092,7658,7657,15692,15699,15700,15697,15698,15693,15691,15696,15686,15695,15690,15688,15687,15685,15694,15689,6845,15780,15784,15783,15782,15781,5332,5333,3180,3181,3182,3184,3183,9416,2950,7858,7857,12487,12488,12489,12486,9941,5672,5673,5674,7093,15996,15995,15994,5843,3080,630,631,632,628,625,626,627,629,624,14022,14018,14020,14019,14009,14010,14021,14008,14011,14006,14007,14014,14013,14015,14012,14016,14005,14017,14882,14881,14880,14879,14878,14874,14875,14883,14876,14877,3496,14450,14448,14447,14446,14453,14445,14444,14443,14442,14452,14451,14441,14440,14439,14449,14454,2851,10673,14378,14379,14373,14374,14375,14376,14377,14372,14371,14668,6570,6569,6571,7441,13415,4053,29,28,27,6558,13410,7474,7473,7472,7475,7476,2968,2967,7494,7495,7524,7523,7525,10649,10638,10648,10647,10646,10637,10639,10640,10644,10643,10650,10651,10641,10645,10642,4966,4967,4964,4965,7862,7868,7867,7863,7865,7864,7866,6937,9985,13982,13981,13980,15777,15779,15776,15778,9446,14984,7872,6637,6626,6627,6623,6622,6636,6628,6629,6625,6621,6630,6635,6631,6632,6638,6624,6634,6633,7873,7669,7668,7095,2212,2213,2211,7228,112,6559,6560,6567,6562,6563,6564,6565,6566,6561,562,561,563,11962,5961,8643,14050,14049,14048,14047,14051,14052,14053,14055,14056,14057,14046,14058,14045,14044,14043,14042,14054,14365,14363,14362,14361,14366,14360,14364,10695,10690,10696,10691,10692,10693,10694,7981,7982,7980,7984,7985,7983,7878,7877,2141,2143,2142,2140,4525,4524,4523,4518,4521,4520,4519,4522,4517,12456,12457,6939,6940,7775,7773,7774,7776,7767,7768,8611,8626,8624,8623,8609,8610,8618,8612,8625,8614,8615,8622,8621,8620,8616,8619,8617,8613,16011,12941,12943,12942,12944,12945,12946,12947,12948,12949,12950,6941,7223,13965,13966,13967,13968,13964,13969,416,417,418,419,426,425,424,423,422,420,415,421,15947,623,13736,13735,13734,9294,9301,9302,9303,9304,9305,9306,9307,9308,9309,9298,9297,9296,9299,9295,9300,6640,7726,8485,8484,8483,13961,13958,13959,13960,13957,712,711,714,713,4715,13428,13429,13427,13430,14158,6217,6216,6215,6199,6218,6210,6214,6213,6211,6212,6200,6219,6209,6206,6208,6201,6207,6205,6202,6204,6203,4896,4895,4894,4892,4890,4891,4902,4904,4893,4897,4901,4898,4900,4903,4899,3088,3089,14473,14459,14460,14461,14462,14463,14464,14465,14466,14467,14468,14469,14471,14470,14472,10200,14216,16029,16030,16032,16025,16031,16026,16028,16027,8648,8649,541,6483,6484,3333,3331,3332,3334,3335,3336,5695,5694,9321,12325,12324,12321,12323,12322,13135,5952,7801,7800,13643,7966,6575,6574,14495,14494,14498,14496,14497,14501,14505,14508,14507,14506,14504,14503,14509,14502,14499,14510,14500,14511,3452,3454,3453,3455,1955,5453,5454,5455,5448,5449,5452,5451,5450,13187,13189,13186,13188,13190,10451,10449,10450,9971,16142,16141,16143,6310,6311,6313,6312,6309,6315,6314,13886,400,8627,8628,12437,12438,12439,12440,12441,12442,12430,12432,12431,12433,12434,12435,12436,5765,5766,5767,12423,2853,7550,7551,7552,7556,7554,7555,7557,7558,7559,7560,7553,10428,359,16070,16071,16074,16076,16073,16068,16072,16069,16075,16066,16067,16065,16064,16063,16062,5618,5171,5178,5177,5176,5172,5173,5174,5175,8006,6372,6373,6374,6371,6370,6375,5677,5678,14476,6704,6703,6702,6701,6700,6698,6699,12986,16525,16526,16527,3224,7945,7949,7950,7948,7947,7934,7935,7936,7946,7944,7938,7939,7940,7941,7942,7943,7937,7825,7827,7826,7828,8517,8516,8515,8520,8518,8519,13178,13183,13182,13181,13185,13180,13179,13177,13176,13175,13184,13173,13172,13174,13171,13170,9524,9522,9523,3241,3240,3239,9821,5402,5401,14368,14369,14521,14522,14122,14121,14120,14117,14119,14118,14116,9650,9643,9646,9645,9647,9648,9649,9644,8860,8858,8859,8857,8855,8856,8854,14457,14456,14458,5762,5763,12272,14076,14074,14078,14075,14073,14072,14077,7897,7909,7908,9784,9565,9564,9563,9562,9581,8551,15131,15130,5264,10697,10708,10710,10709,10707,10711,10698,10706,10705,10700,10704,10703,10702,10701,10699,9754,13285,16140,10409,7907,10226,10227,525,6724,14284,14282,14286,14281,14280,14279,14283,14285,9992,9993,14425,14427,14428,14424,14423,14426,9782,11001,11000,10999,8705,8704,8706,8702,8701,8700,8707,8699,8698,8708,8709,8710,8711,8703,221,222,226,225,227,228,229,224,223,230,9918,10636,7547,7546,7545,9123,3079,6136,6143,6132,6142,6137,6125,6138,6131,6141,6135,6134,6139,6133,6129,6127,6128,6130,6126,6140,4905,13346,13344,13347,13351,13343,13353,13342,13348,13345,13352,13350,13349,7885,7884,7883,7882,7881,7880,7879,7888,7886,7887,10291,10290,10289,3889,9950,10070,8137,6953,16494,15089,15088,15090,15087,6231,6232,6233,104,14109,8341,8342,8352,8340,8338,8353,8351,8350,8348,8347,8346,8349,8345,8344,8343,8339,16521,16520,16517,16519,16518,16523,16524,16522,13582,13583,13584,13588,13586,13587,13581,13585,13580,13579,13578,13577,13576,13575,13572,13574,13573,7656,7653,7655,7652,7654,7650,7651,7963,7956,7962,7965,7960,7957,7958,7959,7964,7961,11653,11652,11651,11650,11654,11878,9961,4684,4680,4679,4681,4682,4683,14437,14436,14434,14435,15122,15123,15125,15124,7514,7515,7516,218,219,10410,6492,6494,6493,6491,6490,6495,9115,6469,6468,6459,6467,6460,6461,6462,6466,6465,6464,6463,3888,14836,14833,14834,14835,14838,14832,14839,14837,16045,16044,16043,16042,16041,10455,10508,10507,7728,7729,8881,8406,14349,14350,14352,14351,14353,14348,9945,9946,9947,9948,9949,2975,13102,2733,13385,13738,13568,13564,13565,13571,13570,13566,13563,13567,13569,13562,10154,13051,13516,13517,63,62,11961,2782,12027,7192,7193,7194,7196,7197,7195,13129,13130,13131,13133,13132,7837,7838,7839,7840,10254,8361,2849,8980,13069,13073,13071,13074,13063,13064,13065,13072,13075,13066,13067,13070,13068,8357,599,7795,8586,8584,8580,8593,8592,8591,8587,8588,8589,8585,8590,8579,8583,8582,8581,12673,12672,6709,6710,6708,13165,13160,13163,13162,13161,13166,13164,13159,7719,7722,7721,7720,7717,7718,7724,7723,7725,7298,9662,15851,15852,15853,15849,15848,15858,15854,15855,15850,15859,15843,15860,15846,15845,15844,15856,15847,15857,12422,10357,10358,10359,10360,5949,5947,5946,5948,5951,5950,9245,10715,10723,10726,10725,10712,10716,10713,10721,10718,10714,10722,10720,10719,10717,10724,1912,1911,16095,3693,10571,10570,12472,12471,10072,9323,9322,9728,9718,9722,9723,9727,9725,9717,9721,9720,9719,9726,9724,14658,14665,14664,14663,14662,14661,14660,14659,14657,14653,14655,14654,14656,14652,14651,14650,14649,3129,3130,8764,8765,8766,8767,8763,8768,8852,14718,14719,14720,14721,14722,14723,14724,14725,14713,14715,14726,14717,14714,14716,14802,14803,14799,14798,14801,14800,9333,8721,8720,8723,8722,395,396,399,397,398,9019,9023,9015,9014,9013,9012,9011,9024,9009,9008,9007,9006,9004,9003,9002,9001,9000,8999,8998,8997,8996,9016,9017,9010,9022,9021,9020,9005,9018,8748,6712,6711,5823,5826,5824,5825,5822,6572,6573,12917,13085,9122,9379,9378,9377,9376,12873,759,760,758,755,765,764,769,761,762,763,768,767,766,757,756,6045,6046,10279,10281,10280,12249,8904,6597,6598,6596,6599,731,6513,6518,6517,6516,6512,6515,6514,6519,4768,4770,4769,538,14302,14303,14304,14306,14305,2896,10267,10265,10266,10270,10264,10263,10262,10261,10260,10268,10259,10257,10256,10255,10271,10258,10269,6540,6539,6541,6538,1861,1862,1860,1864,1863,7097,332,333,334,335,336,337,339,340,341,338,3520,3521,14805,3863,3864,3865,9331,9330,9329,9328,9327,9332,9325,9326,8853,14908,6691,8807,8806,3148,3147,2506,2507,2508,35,13666,15836,15837,15835,15834,15833,15838,1200,1199,1198,1197,1201,1202,6722,6718,6719,6720,6721,142,10026,13696,2313,2312,2311,2310,2316,2309,2315,2314,1496,1497,10461,12787,12788,12786,9244,7727,3832,3833,3831,3826,3830,3829,3828,3825,3827,9334,67,8916,8913,8912,8914,8915,8917,8918,8923,8922,8919,8921,8920,10033,10034,10032,2465,2467,2468,2464,2469,2466,12178,3103,15486,15476,15475,15488,15481,15474,15473,15478,15482,15487,15477,15484,15489,15490,15485,15479,15480,15483,8660,8650,8651,8657,8652,8656,8655,8654,8659,8653,8658,8662,8663,8664,8665,8666,8661,13654,13653,13656,13646,13647,13649,13655,13652,13650,13648,13651,2357,2356,2355,2354,2353,2352,8899,8888,8889,8890,8891,8902,8903,8900,8901,8893,8894,8895,8896,8897,8898,8892,10273,10272,10120,13361,13362,13363,9366,9367,9368,9369,842,841,840,839,837,838,836,14842,14843,14940,14941,14939,16135,2279,2280,2283,2282,2281,2278,2284,3916,3917,8432,14755,14758,14759,14756,14757,2798,2495,2494,10092,10093,10094,10097,10096,10098,10095,12410,9370,10685,10684,832,2363,2364,2370,2371,2366,2367,2368,2369,2372,2365,16570,16571,14958,10350,1509,1507,1508,1510,1515,1514,1513,1512,1511,12476,12477,2074,2073,2072,3649,12847,12848,8596,8594,8595,13233,2497,2498,2496,9363,9362,9361,9360,9359,9358,9357,9356,9355,9353,9354,14975,14976,14977,14979,14978,7861,7860,7859,9031,9032,9033,9034,9035,9030,9036,9037,9029,2961,8133,6421,13386,13387,733,9470,14552,14551,14550,14549,14553,14547,14548,14554,3297,14867,9157,9158,9162,9161,9160,9159,1013,10378,10379,10380,10381,10382,10383,3912,3911,3913,3098,3097,12968,12967,3958,3959,3960,3795,3798,3787,3797,3801,3802,3796,3789,3790,3792,3794,3799,3793,3788,3800,3791,8786,8788,8787,15002,14956,14955,6651,6654,6653,6655,6656,6652,6650,6646,6648,6647,6649,9447,10222,10221,8444,8443,8442,8441,8447,8446,8448,8439,8438,8440,8437,8445,8436,8435,8434,14749,14750,14748,14747,14746,14745,14744,14743,14742,14741,14740,14739,14737,14738,14751,14730,14731,14732,14733,14753,14736,14735,14752,14734,14557,14558,14559,14853,14852,14851,8939,8946,8936,8947,8938,8941,8944,8937,8945,8940,8942,8935,8934,8943,8100,8101,318,5759,5760,5761,5758,5756,5755,5754,5757,2297,2296,2538,2544,2543,2542,2539,2540,2541,13357,14779,14776,14778,14777,803,15036,15028,15027,15026,15025,15030,15024,15020,15021,15022,15023,15031,15029,15032,15033,15034,15035,13898,13897,14954,3846,9506,9505,16516,14906,1770,1570,1569,1574,1571,1572,1573,6694,12707,10613,10612,10614,10611,10617,10616,10610,10625,10624,10623,10622,10621,10615,10620,10618,10619,16093,9065,9066,8990,8991,8992,8993,8994,791,790,789,14645,14646,14644,14894,13625,13626,15969,1969,8861,8862,8863,8864,8865,8866,6510,12174,12175,12176,1465,15037,2065,2066,2068,2067,2069,9438,9437,9436,9435,9428,9434,9433,9432,9439,9431,9430,9429,9427,9426,9424,9423,9422,9421,9425,4017,4016,4015,13829,13827,13824,13825,13826,13828,15169,7976,7975,7977,7973,7972,7969,7970,7971,7974,7978,7967,7979,7968,3094,560,12652,12651,12650,12653,12879,12878,12880,12876,12875,12874,12877,9595,5976,5975,4626,8986,741,742,743,744,7479,9471,8989,13426,13425,13424,13423,13422,13421,12383,12384,13880,13881,13882,13883,14223,14229,14228,14230,14226,14231,14227,14232,14224,14225,14233,796,9410,9411,9412,9413,9414,9409,9408,9407,9406,9405,8829,8832,8830,8828,8831,8836,8837,8833,8835,8834,15171,3317,15016,15015,15017,15018,9078,9440,12674,12675,15897,2525,2522,2530,2529,2531,2532,2533,2534,2521,2528,2526,2535,2527,2524,2523,11063,11062,11061,11059,11060,11057,11056,11055,11054,11058,15899,9441,9546,9547,2161,16581,16583,16582,9062,9063,9038,14287,15974,15971,15973,15972,6862,6861,6863,6864,6865,6866,6867,12710,12711,12708,12709,16569,1034,460,12380,12379,12382,12381,1813,110,109,108,107,106,7491,7492,8880,8476,2324,2325,2326,2331,2329,2330,2323,2328,2322,2327,2320,2317,2321,2319,2318,9182,9181,9180,9179,9174,9163,9177,9176,9164,9165,9166,9175,9178,9173,9171,9170,9169,9168,9172,9167,4772,61,14989,14990,14991,14992,14993,14994,14997,14996,14988,14995,14609,8550,13439,13435,13438,13437,13441,13445,13446,13443,13436,13442,13434,13444,13440,1654,884,885,886,892,887,893,888,889,890,891,6639,13433,13432,6771,6774,6779,6778,6770,6769,6777,6773,6776,6772,6775,9288,9287,14781,13674,13675,13672,13679,13676,13677,13678,13680,13668,13669,13673,13667,13682,13681,13684,13670,13683,13671,6489,96,88,94,87,89,86,91,92,95,93,90,12910,12824,8957,8950,8949,8953,8952,8948,8951,606,607,605,609,608,610,13087,13095,13088,13094,13093,13092,13091,13090,13089,14617,12954,12955,162,13946,9824,9825,8251,8255,8254,8250,8252,8253,13123,13124,1339,12722,12738,12737,12736,12735,12734,12733,12732,12731,12727,12729,12723,12728,12724,12730,12726,12725,12250,13662,13663,13664,14608,14607,678,676,675,677,674,679,673,740,4757,4758,4759,4760,4761,4762,4763,4764,4765,4766,4767,8789,8803,8792,8793,8794,8795,8796,8797,8798,8799,8800,8801,8802,8791,8790,8804,1307,12802,12916,2027,2028,2023,2024,2026,2029,2025,6755,13034,4021,4020,3271,12961,12962,12960,12959,12958,12957,12956,12963,12964,14866,14865,14694,14695,14696,14697,14698,14692,14691,14690,14693,9183,9184,1542,9659,9660,11963,12656,12655,12654,671,581,15807,9337,3961,12203,12204,12207,12202,12201,12200,12208,12209,12199,12198,12210,12197,12196,12211,12205,12212,12213,12214,12215,12194,12216,12217,12195,12206,9071,9070,9069,9068,9067,9077,9076,9075,9074,9073,9072,9976,9975,9974,9973,375,376,14625,15769,15768,15764,15770,15765,15766,15767,15839,1555,710,524,4537,10091,10090,10088,10089,13370,9983,9473,16515,9543,9542,9541,9545,9540,9539,9538,9544,9533,9532,9537,9534,9535,9536,1552,8419,13732,3083,79,80,78,9118,9117,10071,7763,6555,6550,6552,6557,6543,6547,6554,6553,6549,6548,6551,6546,6545,6556,6542,6544,12295,12294,12293,12517,12518,12918,16023,9365,81,10374,10373,8749,16165,9469,988,989,14618,14619,14620,13400,13399,13398,13397,1021,1022,12241,10152,15135,13128,10349,1317,1316,486,482,484,485,483,12244,9504,1970,9364,14980,6012,6010,6011,6009,1844,1843,9951,9691,9956,9955,9957,9959,9960,9958,10223,1740,14854,15266,9778,14861,14862,14863,14864,6416,6413,6420,6419,6418,6417,6414,6415,4907,12632,12628,12627,12626,12618,12625,12630,12620,12623,12622,12621,12631,12629,12624,12619,15337,8995,16174,16173,16172,16171,16170,16169,16176,16179,16175,16177,16178,8839,8846,8840,8841,8844,8842,8843,8838,8845,4036,4037,12663,12662,12661,1823,9497,9496,9495,9493,9492,9491,9490,9494,9489,9483,9484,9485,9487,9488,9486,15286,15285,15284,15283,4529,4530,4936,4935,4934,1618,8885,3316,8236,10372,12355,2785,9156,9415,12414,12829,10370,3096,7246,10377,178,172,173,174,175,176,177,179,13715,13714,13713,8976,8975,8974,8973,8972,8979,8978,8977,12297,10204,12665,12664,12666,12667,12669,12670,12668,5297,12474,12475,8751,8750,8755,8754,8753,8756,8752,1623,13167,13168,14347,14346,14344,14343,14342,14341,14345,14339,14340,15310,15309,15311,15308,2443,15119,715,14848,829,828,827,825,824,830,826,823,9755,10323,1480,792,13903,13907,13904,13915,13914,13909,13910,13911,13906,13912,13908,13905,13899,13900,13901,13902,13913,7098,730,729,14337,9386,9387,12793,12794,844,843,1827,10100,932,931,927,935,936,928,930,937,923,924,925,938,929,926,933,934,13035,3512,358,1318,5769,16497,7227,6172,8218,14391,14392,14393,14059,14065,14064,14063,14061,14066,14060,14062,9191,9189,9192,9193,9188,9187,9186,9185,9194,9190,9195,13854,13856,13853,13852,13851,13850,13857,13849,13848,13855,10086,9995,9420,9419,9418,788,8355,13394,13393,13391,13392,13396,13395,1650,1651,10075,10074,10073,13835,12713,12714,12715,12716,12717,5988,5987,5986,5985,5984,723,12920,12919,12921,12922,10422,10423,10413,10411,10412,10421,10426,10425,10420,10419,10424,10417,10416,10414,10415,10418,8882,8884,8883,3971,3972,3653,3652,3651,9040,9041,10229,5461,5466,5462,5465,5464,5463,2929,739,8428,8429,8430,8431,8427,13822,13821,6239,1033,9656,5156,5161,5160,5159,5157,5158,732,14998,14999,15000,817,815,814,813,816,15842,1869,1870,9909,12801,6511,8088,569,565,566,567,568,571,570,564,1449,1450,3044,3048,3047,3046,3045,901,899,900,898,902,12179,12180,5619,5625,5624,5623,5620,5626,5622,5628,5621,5627,951,798,797,1683,1681,1680,1682,1679,1678,6162,2786,1671,12790,1880,12554,12553,10278,10078,9658,15924,15928,15927,15925,15926,3396,3389,3388,3398,3399,3393,3400,3406,3391,3401,3402,3403,3404,3392,3394,3395,3405,3390,3397,12908,14638,8690,8689,8682,8693,8694,8685,8696,8683,8692,8684,8691,8686,8687,8688,8695,14255,9289,773,772,770,771,776,775,774,831,2359,2358,2360,1908,3533,2825,848,9625,1816,1817,1818,1819,1444,1443,9661,1431,1652,1653,1386,1389,1394,1392,1393,1388,1387,1385,1390,1384,1391,1383,1382,1381,1811,12036,1058,10122,13721,13720,13718,13716,13717,13719,1262,3179,9665,9666,14542,14545,14543,14544,14541,16139,16138,16137,10248,10246,10247,10249,10250,5591,9521,8192,8193,8196,8191,8190,8189,8194,8187,8186,8195,8185,8188,8198,8197,8184,1918,1919,1921,1922,1923,1924,1925,1926,1927,1928,1929,1916,1920,1917,1915,12808,7488,7490,7489,2993,9926,5517,10118,10158,10159,10160,10161,10157,14485,14477,14483,14480,14479,14478,14481,14484,14482,10023,10024,10021,10022,2193,2190,2191,2192,2189,2194,2188,2195,2196,2197,589,10371,7144,7143,3448,10456,2869,16181,16180,9664,2823,738,737,736,734,735,2757,9792,9772,9771,9773,9774,9770,9769,9768,9767,9761,9765,9762,9766,9764,9763,16090,16089,16088,16087,16086,16085,16077,16083,16082,16081,16080,16079,16078,16084,16092,16091,12580,12579,15101,15102,15105,15104,15103,9962,9901,9900,699,14926,476,481,480,479,477,475,478,471,472,473,474,754,13975,13973,13976,13979,13978,13971,13974,13972,13977,1158,3886,3885,3882,3875,3881,3874,3876,3884,3880,3879,3877,3883,3878,3965,1055,1051,1052,1050,1053,1054,10156,9402,9404,9403,9401,10362,13693,13694,13689,13688,13687,13686,13685,13690,13691,13692,10121,9990,9991,9989,9988,13521,13522,13534,13533,13538,13537,13536,13535,13524,13525,13526,13527,13528,13529,13530,13531,13532,13523,13539,1982,16543,16547,16546,16545,16544,9654,14431,14429,14430,8010,8008,8009,10369,10367,10366,10365,10364,10363,10368,12547,12526,12527,1135,1132,1131,1130,1134,1133,1129,1128,1127,1126,10099,10321,10320,6425,6424,6426,6427,6440,6431,6432,6433,6441,6434,6430,6435,6437,6438,6439,6428,6436,6429,12712,10007,10006,10004,10003,10008,10005,3946,9668,9670,9669,9674,9675,9673,9671,9680,9672,9678,9677,9676,9679,1084,1085,1083,12578,9779,10126,10125,11996,11997,12003,12002,12001,12000,11993,11994,11999,11998,11995,12004,12005,184,183,182,181,9994,12067,12081,12061,12080,12079,12062,12078,12077,12076,12075,12063,12064,12074,12072,12071,12070,12069,12065,12066,12068,12073,12060,12059,15272,15268,15269,15270,15271,15273,1151,1150,15457,9851,12047,12045,12044,12043,12042,12048,12046,12049,12051,12052,12053,12054,12055,12056,12057,12058,12050,7993,7991,7992,7989,7990,7988,5943,5944,5945,746,748,750,753,752,749,747,745,751,11945,11943,11944,10487,10486,10488,10107,9653,1801,12490,833,1841,14291,1755,10109,10108,10114,10113,10112,10110,10111,10274,10241,10245,10244,10243,10242,10240,1774,10116,10117,8637,8638,8639,1499,1500,10322,1403,1406,1405,1404,13858,13859,3053,4938,2087,2086,2085,2084,2088,1888,1881,1885,1886,1887,1889,1890,1884,1882,1883,4955,4945,4942,4946,4951,4947,4944,4943,4948,4939,4940,4953,4941,4949,4954,4950,4952,728,727,726,724,725,12357,15636,15639,15638,15637,1289,1088,7910,979,14540,5316,132,131,130,9858,1288,8598,8607,8600,8601,8602,8603,8604,8599,8605,8606,8608,1576,959,956,957,958,253,16533,16534,16536,16539,16535,16538,16540,16537,9795,9793,9796,9797,9799,9798,9800,9794,9801,1742,1743,1744,1741,12928,7805,9609,9608,2761,3964,7796,7797,7683,6358,12009,12008,10044,10052,10051,10050,10049,10043,10056,10053,10055,10042,10041,10037,10039,10038,10048,10045,10057,10046,10047,10040,10054,3009,8330,8329,8328,8327,1297,1299,1298,1301,1302,1303,1300,1295,1294,1296,1672,9663,12741,12745,12743,12744,12742,12740,16495,16496,13086,637,634,646,645,644,633,649,643,650,647,651,642,641,640,639,638,636,635,648,2209,2210,15246,15245,15243,15242,15241,15240,15244,13382,3782,1628,1629,12785,16022,10014,10011,10009,10010,10012,10013,10015,10016,10017,10018,10019,3268,3269,3270,3267,3266,3265,12807,6149,7895,7892,7893,7894,7896,1907,1354,778,785,777,784,783,782,781,779,780,786,10439,2171,2169,2173,2170,2174,2180,2176,2177,2178,2179,2181,2175,2168,2172,8640,8641,10467,10468,10469,10466,10465,10470,10471,12881,12883,12884,12882,12885,582,6261,3414,3424,3415,3412,3416,3417,3418,3419,3420,3421,3422,3423,3413,3425,3426,3427,3428,3429,3430,319,186,187,188,189,190,207,206,191,205,192,194,193,202,195,196,197,198,203,199,200,201,204,185,3216,3202,3215,3214,3213,3212,3211,3210,3209,3208,3207,3206,3205,3204,3203,3217,9442,9443,9444,9445,487,12469,12468,12467,1181,1189,1188,1187,1178,1186,1185,1177,1175,1190,1180,1184,1183,1182,1176,1179,1191,1707,10301,10293,10294,10295,10296,10297,10298,10299,10300,10302,2157,2158,2159,10396,10397,10398,10400,10399,10402,10395,10403,10404,10401,10394,3263,3261,3264,3258,3262,3259,3260,1209,1210,4863,4862,4861,4860,4859,1845,10105,15298,15295,15297,15294,15293,15292,15290,15289,15291,15296,3185,1123,9555,12520,12521,12524,12522,12523,14849,1291,1292,1758,1759,1353,13058,13057,13055,13056,2124,2123,2125,2126,2127,2129,2128,2130,2131,8221,8222,8223,8224,8220,7854,7853,7852,7856,7855,12407,1324,12907,7911,1954,1702,2270,2035,10183,10178,10179,10180,10181,10182,10184,10177,10185,10187,10188,10189,10190,10191,10192,10193,10186,10176,11986,13284,6411,1036,5262,6301,2874,881,5530,5529,5527,5528,10331,10333,10334,10335,10336,10337,10338,10332,10340,10339,10342,10348,10341,10346,10345,10347,10343,10344,10330,10087,6013,6014,6015,6016,5504,13431,1622,9819,9813,9814,9815,9818,9816,9817,1407,1409,1408,15735,15732,15731,15728,15729,15727,15726,15725,15730,15733,15723,15734,15724,15736,15737,15738,15739,5872,12040,5320,5321,5325,5322,5323,5324,1152,8492,8490,8486,8487,8491,8497,8496,8493,8495,8488,8494,8489,4688,4689,1448,9480,9479,9481,9475,9478,9477,9476,10103,10104,10069,9812,9809,9808,9810,9811,8104,10162,16111,9968,9967,9963,9964,9965,9966,10150,10077,9826,13704,13712,13703,13699,13700,13711,13701,13702,13709,13705,13706,13710,13707,13708,1159,1038,1039,1040,1041,9116,10220,10219,10218,10123,10124,4687,4686,4685,9064,13492,13493,13494,13490,13495,13499,13496,13500,13491,13498,13497,10025,1352,9805,9806,9807,9382,9385,9384,9383,9381,1847,1846,9651,9652,10277,10276,10275,1037,10453,9690,9860,9859,4612,4608,4613,4606,4611,4610,4607,4609,15952,15953,15951,251,250,1837,1838,1839,1840,9777,9776,9775,9482,10292,1906,9100,9099,9098,9097,9096,9101,9095,3686,3684,3678,3677,3676,3675,3687,3674,3681,3680,3685,3683,3682,3679,10480,10481,10482,10479,10485,10484,10478,10477,10483,13823,1625,4733,4734,4735,4736,4737,16144,10285,10028,10030,10029,10027,281,282,15387,15385,15386,2214,12680,12679,12678,12681,9897,9893,9894,9896,9895,9899,9898,1466,9791,2873,9913,9912,9580,801,800,799,252,2285,12127,12132,12131,12130,12129,12128,9561,9557,9558,9560,9556,9559,327,323,324,325,326,321,322,1620,2932,10438,10454,15970,3225,13665,15174,14338,14328,14330,14329,14327,10543,10544,10540,10545,10546,10541,10542,10552,10551,10550,10549,10539,10548,10547,10538,5392,5391,5390,5389,2787,4832,4833,4836,4848,4834,4826,4827,4828,4838,4839,4835,4841,4842,4840,4829,4844,4845,4830,4831,4846,4847,4843,4837,795,794,793,5060,5059,5058,5055,5057,5056,5054,5053,5052,5051,5050,5049,5048,5046,5045,5047,9752,2826,2827,9836,9837,9843,9828,9829,9845,9830,9842,9831,9832,9846,9847,9848,9841,9827,9840,9844,9833,9839,9834,9835,9850,9838,9849,13023,13019,13020,13024,13033,13032,13031,13030,13029,13022,13028,13026,13025,13021,13027,3535,9942,12924,12923,12927,12926,12925,1711,1710,5468,5469,5467,5470,10506,1849,1850,10282,10283,10284,12148,12150,12149,10205,9927,1593,1595,1594,1557,1556,2250,861,10163,10164,10165,10172,10169,10170,10174,10166,10175,10167,10168,10171,10173,2808,12774,12775,12777,12778,12784,12776,12782,12781,12783,12780,12779,8847,8848,8849,8850,8851,15248,954,955,952,953,10457,9716,1334,1335,9689,991,15230,15237,15236,15235,15234,15233,15232,15231,15239,15229,15228,15227,15226,15225,15224,15238,2042,1011,13356,1094,1095,15267,10080,10081,10079,10082,9760,9943,9944,10351,1355,1356,2802,10217,9615,15352,15355,15353,15354,15351,15357,15356,1203,15900,15902,15901,9509,9510,9511,9512,9515,9508,9507,9514,9513,15251,15250,15249,9417,15213,15214,15219,15218,15217,15216,15197,15198,15199,15201,15215,15200,15210,15209,15208,15207,15212,15211,15205,15204,15206,15202,15203,300,294,293,292,291,290,289,297,288,299,296,295,298,9388,1551,10206,12485,3983,8295,8293,8294,15196,15195,15194,9756,7171,7168,7165,7166,7170,7169,7167,11964,11965,11966,11967,697,698,15978,15976,15979,15980,15981,15977,9890,13726,1548,1547,1550,1549,9906,9907,15955,15956,14326,14325,14324,14323,14321,14322,3237,1746,1747,1745,15896,11946,11947,11953,11948,11949,11950,11951,11952,12693,12700,12701,12702,12703,12704,12706,12705,12698,12696,12695,12697,12692,12694,12699,15360,8099,8523,1155,1231,1232,1233,1234,3314,3313,3312,3311,15288,15287,15340,15341,15342,15345,15344,15343,14167,15176,15175,15178,15177,15187,15188,15184,15186,15183,15182,15193,15181,15192,15191,15190,15179,15189,15180,15185,9785,9789,9788,9787,9786,15157,10002,2227,13450,13451,13447,13448,13449,15358,8110,8109,8108,9518,9519,9520,7997,12718,845,1325,12531,15983,2083,2082,16442,3722,3719,3718,3717,3720,3723,3721,3716,3725,3724,1308,16188,16194,16193,16190,16192,16191,16189,1575,16164,12997,13000,12987,13001,12998,12999,13002,12988,12996,12995,12994,12993,12989,12990,12991,12992,12481,12483,12482,8107,15348,15347,15346,15349,15350,2001,2005,2004,2003,2002,1999,2000,1621,1059,7924,7931,7930,7926,7927,7928,7929,7933,7932,7925,15335,15334,15253,15254,15258,15255,15256,15257,15259,15260,15329,15313,15314,15315,15316,15317,15318,15319,15320,15322,15323,15324,15325,15326,15327,15330,15328,15321,15312,10288,10287,10286,1235,1238,1237,1236,14028,14027,14026,14029,14030,14031,14025,14024,14032,14023,15813,15814,15818,15815,15816,15817,15275,15276,15277,15339,1332,16394,2888,2890,2891,2892,2887,2886,2889,12671,1204,1205,1208,1206,1207,5008,5010,5009,5007,5006,8878,8879,1541,1540,1539,15279,15281,15278,15282,15280,12789,10408,16454,16455,3226,1695,15274,16260,16259,16261,12897,12889,12890,12891,12892,12893,12894,12906,12905,12888,12904,12887,12898,12886,12903,12902,12901,12900,12896,12899,12895,13627,15066,15065,14512,14515,14514,14513,14516,700,15966,15965,15964,15963,15962,15961,15957,15958,15959,15968,15960,15967,16276,16277,9781,1777,1592,3011,12689,12688,1097,14104,14107,14106,14103,14105,10325,10328,10327,10326,15741,15743,15748,15747,15744,15746,15756,15749,15742,15750,15745,15752,15755,15754,15753,15751,1931,1932,1933,1934,1935,1936,1937,1938,1939,1940,1930,16408,16407,16406,16405,15785,12862,12866,12857,12867,12868,12869,12870,12871,12872,12865,12858,12859,12855,12861,12860,12864,12863,12854,12856,16480,14152,14151,14150,389,385,386,387,384,382,381,388,379,377,380,383,390,378,9553,9552,9551,9554,9549,9550,9234,9227,9232,9233,9230,9229,9228,9231,374,370,371,372,373,9855,9854,9852,9853,9856,9952,9954,9953,1564,12581,16381,16383,16382,8783,8784,8769,8775,8776,8777,8774,8781,8779,8780,8770,8771,8778,8772,8782,8773,8785,1025,1026,1027,12556,12555,1909,16126,16128,16127,16125,9206,9207,9208,9209,9210,9204,9201,9200,9205,9203,9202,9196,9197,9198,9199,16468,16473,16474,16475,16476,16471,16470,16469,16472,4650,4651,4649,4652,4647,4648,4653,12327,12326,1322,1321,12453,12853,15704,15702,15705,15706,15703,13550,13551,1483,9736,9746,9738,9739,9740,9742,9743,9744,9745,9747,9741,9737,9734,9730,9748,9749,9751,9735,9750,9733,9729,9732,9731,16060,16061,16046,16047,16048,16050,16051,16053,16054,16049,16056,16059,16055,16058,16052,16057,12226,8871,8875,8868,8874,8870,8869,8873,8867,8872,16255,16258,16256,16257,9688,1042,1632,10353,8746,8737,8747,8736,8738,8740,8741,8742,8739,8744,8745,8743,1876,1871,1872,1873,1874,1875,1877,1061,1062,1063,9998,9997,13281,13282,13280,14218,14220,14222,14221,14219,1664,1665,1666,1655,1656,1667,1668,1669,1670,1657,1658,1659,1660,1661,1662,1663,9474,12633,12634,12635,12636,12646,12638,12637,12649,12648,12645,12644,12647,12642,12641,12640,12639,12643,1326,13592,13589,13590,13591,13593,13598,13595,13596,13597,13600,13594,13599,12762,12772,12773,12760,12761,12763,12765,12764,12767,12768,12769,12770,12771,12766,8266,8269,8268,8267,8264,8259,8263,8262,8261,8260,8270,8257,8271,8277,8273,8274,8275,8276,8278,8256,8279,8280,8281,8282,8283,8284,8272,8258,8265,220,1826,1824,1825,1633,1000,302,5131,5132,557,556,555,554,551,558,550,549,548,547,546,553,559,552,14238,14241,14242,14243,14244,14245,14237,14240,14246,14248,14249,14239,14247,1442,1441,1440,1439,12247,12245,12246,12909,9892,9891,1337,3760,3763,3750,3754,3747,3752,3757,3751,3762,3759,3761,3758,3755,3748,3753,3756,3749,9391,9390,9389,9397,9395,9396,9398,9399,9400,9393,9392,9394,8877,544,543,10035,8095,8096,8097,8098,10196,10197,10198,10195,1546,1543,1544,1545,10207,12095,12098,12097,12094,12096,16386,16388,16387,12425,12426,12424,3620,3611,3612,3614,3621,3615,3616,3608,3606,3607,3613,3605,3617,3618,3619,3610,3609,14765,1721,1720,12505,12507,12506,9498,9242,9241,9240,9243,12852,12429,12428,12427,8820,8814,8816,8819,8818,8815,8817,1842,2955,2959,2957,2958,2956,3988,9311,1212,12806,12805,12804,12803,15604,15608,15605,15606,15607,5163,5162,2769,2770,2771,2772,2773,2774,15775,15774,15771,15773,15772,11942,11940,11939,11941,894,896,897,895,8930,8931,8932,8933,8925,8924,8927,8926,8928,8929,249,7680,7679,15544,15252,5273,5274,9548,5667,1380,1379,15701,6048,6049,6050,6051,6047,13215,13216,13217,13218,13219,13220,13222,13223,13224,13229,13225,13226,13228,13221,13227,3560,3554,3559,3549,3548,3551,3550,3561,3552,3553,3558,3557,3555,3556,1012,1941,1942,1961,1960,2942,2936,2949,2948,2947,2946,2941,2945,2944,2943,2937,2938,2939,2940,5884,8238,8237,14250,13411,13412,13413,13414,6410,7994,7995,7996,5973,5974,5918,883,5533,3356,3357,3354,3355,3353,3352,3359,3358,2259,2260,2261,2251,2257,2256,2253,2254,2255,2252,2258,6269,15932,12116,12117,12119,12118,1481,12686,12682,12683,12687,12684,12685,8719,5547,5546,5545,5538,5561,5540,5544,5548,5542,5541,5539,5549,5537,5536,5560,5559,5562,5563,5558,5557,5550,5556,5543,5551,5555,5554,5552,5553,5535,15671,15673,15678,15669,15677,15667,15670,15680,15679,15672,15675,15676,15668,15674,15681,15683,15682,15411,5679,5681,5680,8633,8632,8630,8629,8631,12413,1056,1057,1765,1762,1761,1760,1766,1763,1764,9106,9107,9109,9108,9111,9113,9105,9114,9110,9112,12756,12746,12747,12748,12750,12749,12759,12758,12753,12757,12751,12755,12754,12752,2217,2215,2219,2220,2216,2218,2223,2224,2221,2222,9502,9501,9503,9500,9499,579,572,580,573,574,575,576,578,577,13884,1217,1214,1215,1216,1218,1213,5877,8988,8987,9251,9263,9257,9254,9258,9259,9260,9261,9262,9264,9265,9266,9256,9268,9267,9253,9269,9250,9255,9252,9249,9086,9091,9087,9088,9093,9089,9085,9084,9092,9090,9094,16372,16379,16377,16376,16375,16374,16378,16373,16370,16367,16364,16360,16368,16365,16361,16369,16371,16366,16362,16363,16359,6169,6168,6170,6171,12463,12464,12465,6235,1239,1240,1241,5994,5996,5997,5998,5999,6000,6004,6001,5995,6002,6006,6003,6005,994,992,993,995,996,997,12846,6095,6094,6093,6098,6091,6090,6097,6092,6096,139,136,137,141,135,138,140,4706,4707,4708,4709,15935,3055,3056,6158,6155,6154,6161,6160,6157,6153,6159,6156,14236,14235,14234,12084,12083,9657,9103,9104,9102,15144,15145,15143,12691,12690,180,716,10589,10590,10591,10592,3914,3915,12800,12796,12795,12797,12798,12799,14336,2767,5260,5259,5252,5253,5254,5255,5256,5257,5258,5250,5251,1538,1537,1536,1535,1534,12385,262,261,259,260,257,256,255,254,263,264,258,265,269,266,267,268,15634,1454,1455,3057,445,448,449,450,451,452,446,444,441,443,453,440,442,447,603,604,4118,5460,3188,2991,8334,15501,15502,6357,1419,3008,9597,9820,1315,13695,287,286,10352,1806,1807,1805,1804,1809,1808,13046,13050,13036,13037,13038,13039,13040,13049,13042,13041,13043,13047,13048,13045,13044,8540,6354,6348,6349,6355,6353,6352,6350,6356,6351,1087,13121,4660,4661,4669,4662,4663,4665,4664,4666,4658,4668,4657,4655,4654,4667,4659,4656,8102,11991,11992,10675,10676,10674,13381,5434,5435,13518,13519,13520,12236,12235,361,360,363,364,365,367,368,369,362,366,8730,8732,8731,8729,8734,8735,8733,13773,13777,13776,13775,13774,13767,13772,13769,13770,13771,13768,15984,12366,12368,12367,12369,12370,4716,1722,12227,8165,8161,8162,8163,8164,8167,8168,8183,8182,8181,8179,8178,8177,8176,8175,8166,8180,8174,8173,8172,8171,8170,8169,331,328,329,330,8805,394,393,392,391,4858,9371,16147,16146,16149,16150,16151,16153,16152,16148,5955,12834,12831,12832,12833,15117,15116,15115,15114,15113,15112,15111,15110,15109,15118,1767,16114,3153,15762,15757,15758,15761,15760,15759,15763,15172,12191,12193,12192,16012,16017,16014,16013,16015,16016,16020,16019,16018,2064,611,1589,1591,1590,1588,1587,5378,5377,5371,5375,5374,5373,5367,5368,5369,5372,5370,5376,16129,16130,10329,13733,1482,15108,15107,1785,1786,1787,1782,1781,1789,1788,1783,1784,14562,14560,14561,1605,1606,1603,1596,1601,1600,1599,1604,1597,1602,1598,2875,12470,688,689,686,684,681,690,682,683,685,687,14807,3540,3541,9246,722,5483,5491,5490,5480,5484,5482,5492,5479,5487,5481,5485,5489,5486,5488,9119,15083,1121,1120,1122,1157,16166,16094,3002,3003,3004,3005,3006,2132,2135,2136,2137,2138,2133,2134,15428,15427,15449,15425,15424,15422,15421,15426,15423,15438,15443,15439,15437,15440,15436,15441,15442,15444,15445,15446,15447,15435,15429,15430,15434,15448,15433,15432,15431,3488,3494,3487,3493,3492,3489,3490,3491,3486,5937,5936,5938,5935,5940,5939,5928,5941,5929,5930,5927,5933,5926,5934,5932,5931,15150,15153,15149,15152,15151,15154,15148,12006,12007,2344,2343,2342,2341,15811,15810,6294,6295,6293,6297,6298,6299,6296,2746,4515,4512,4513,4509,4511,4516,4510,4514,15740,14331,14332,14333,14334,14335,15662,15663,15660,15659,15664,15665,15666,15658,15661,3495,2011,2009,2010,2012,2013,14666,12608,12607,14171,14172,14173,14174,14175,14183,14176,14182,14170,14178,14179,14180,14181,14184,14177,10631,10629,10632,10634,10630,10633,10635,12171,12162,12172,12169,12173,12170,12161,12160,12166,12165,12168,12167,12164,12163,6723,12550,3537,3538,3536,3539,2139,12218,12220,12219,16133,8248,8246,8245,8249,8243,8242,8241,8240,8239,8247,8244,1433,1434,6697,12228,1313,1312,1314,1310,1311,12850,12851,12849,920,5213,1959,1956,1957,1958,14217,3360,15934,3847,1010,6086,6085,6084,6083,6088,6087,6089,8219,808,809,6257,6260,6259,6258,6044,9516,6166,6164,6167,6165,520,518,519,512,523,517,516,515,522,514,502,501,521,504,505,506,507,508,509,510,511,513,503,5261,14486,15991,15993,15992,15986,15989,15988,15987,15990,16439,16393,16392,6236,8642,5693,2015,2014,2017,2016,2021,2019,2020,2022,2018,5499,13817,12302,12301,12300,12299,5867,5868,5713,5711,5708,5706,5705,5707,5709,5712,5699,5700,5701,5702,5703,5710,5704,5803,5805,5804,5802,5629,6262,3189,5876,5875,5874,12233,12232,1771,5169,5168,12386,14710,14711,14712,14438,5393,3007,5698,1810,999,14071,5979,10964,10966,10967,10968,10969,10963,10962,10961,10960,10959,10957,10956,10965,10955,10958,12614,12613,12612,12611,12610,12615,12415,5493,6238,882,1275,1274,8812,8813,8808,8811,8809,8810,6317,6316,6254,11955,11954,5381,5386,5380,5385,5379,5383,5384,5382,12658,12657,6163,6300,5304,12155,12159,12156,12157,12158,12154,12458,16117,1859,1858,1857,1856,9225,9226,9213,9224,9223,9222,9221,9220,9219,9218,9217,9216,9214,9215,2902,2909,2910,2911,2912,2907,2906,2905,2904,2899,2900,2901,2903,2908,15336,2807,15892,15891,5954,14263,14256,14257,14258,14259,14260,14261,14262,15303,15305,15302,15301,15300,15307,15304,15306,15299,9686,9682,9683,9687,9684,9685,5319,14604,15641,15644,15647,15648,15643,15642,15646,15640,15645,12333,10463,16182,15247,2202,2203,2204,2205,2206,2207,5271,5270,5268,5267,5266,5269,5265,9981,9977,9978,9979,9980,15906,15907,15913,15911,15910,15914,15915,15905,15916,15917,15908,15918,15919,15920,15909,15904,15912,10153,12278,12291,12290,12289,12288,12287,12277,12279,12280,12281,12282,12283,12284,12285,12276,12292,12286,12275,12274,12273,15469,15466,15467,15468,15470,15471,15472,3599,3600,9780,6102,6100,6101,6103,2858,2859,2860,2856,2861,2857,6268,6264,6266,6267,6265,15558,6400,12269,12268,12266,12267,15392,15393,1627,1626,16155,16156,16154,15222,15223,15221,15388,15389,10444,10446,10448,10447,10445,10441,10443,10442,10440,2070,2071,6082,12504,3037,3036,3033,3032,3031,3030,3029,3042,3041,3040,3038,3039,3035,3034,1411,6376,6377,6378,6379,1773,7114,7109,7110,7111,7112,7113,82,12260,15359,12346,12345,3869,3867,3868,3775,3773,3780,3779,3777,3778,3774,3776,15173,3298,3299,3300,8105,6234,5443,5447,5444,5441,5439,5438,5437,5440,5442,5445,5446,5436,1716,1715,847,5339,5355,5341,5342,5340,5352,5343,5353,5351,5350,5349,5344,5348,5354,5345,5346,5347,13750,13743,13746,13747,13744,13745,13748,13749,13760,13751,13765,13766,13753,13761,13762,13752,13759,13758,13763,13756,13764,13755,13754,13757,1348,1347,1346,1345,1344,1343,1342,1341,1349,10601,10609,10600,10604,10605,10606,10607,10608,10602,10599,10598,10597,10596,10595,10603,4046,4039,4040,4047,4048,4045,4044,4041,4042,4043,4038,14185,10316,10315,10314,10313,10319,10318,10317,10128,10127,10136,10137,10133,10135,10134,10129,10130,10131,10132,15220,6695,5796,5800,5799,5801,5798,5797,5792,5788,5795,5791,5794,5790,5793,5789,2245,12551,12592,1984,6486,6270,6271,9602,9603,9601,9604,9605,9606,9600,916,1258,14295,14296,14297,14298,14299,14300,14301,6671,6672,6673,6670,921,3818,3819,3820,3821,9822,2167,12255,12256,12257,10572,9641,9640,9638,9637,9642,9639,9634,9636,9633,9635,1649,1647,1648,1797,1798,1795,1793,1790,1799,1792,1791,1796,1800,1794,1086,5338,15465,15462,15464,15461,15463,13782,13783,13784,13785,13786,13779,13778,13781,13780,13788,13806,13805,13804,13803,13802,13801,13787,13799,13800,13797,13796,13795,13794,13793,13792,13791,13789,13798,13790,13471,13468,13473,13472,13469,13470,13367,13365,13366,12262,12263,1568,6475,3822,1646,1640,1637,1636,1645,1643,1635,1638,1641,1634,1642,1644,1639,12237,3456,15333,15332,6288,6284,6285,6286,6287,6283,2247,2248,2249,15840,15841,3010,12034,12035,1273,16024,15635,14253,14251,14252,15894,15895,15819,15822,15821,15820,273,278,272,271,277,279,280,274,276,275,270,5217,5229,5216,5215,5226,5227,5228,5225,5230,5218,5220,5224,5223,5214,5222,5221,5219,14523,14524,12479,12478,12480,16162,4731,4732,3307,3308,3310,3306,3305,3304,3303,3309,3302,13841,13839,13840,542,16009,16008,10102,10101,11975,4973,4975,4972,4974,4971,5887,5891,5888,5885,5889,5886,5890,2234,2238,2235,2239,2236,2240,2241,2242,2243,2244,2237,1693,5828,5829,5831,5832,5830,157,156,158,155,154,153,152,159,150,151,161,160,8363,16159,16184,13279,3321,3322,1469,10672,5773,5775,5774,5777,5771,5770,5785,5786,5784,5783,5782,5776,5780,5779,5778,5787,5772,5781,691,692,15923,16113,16112,5521,5520,5519,5518,2276,2277,2275,2274,1736,1737,822,1028,10941,10928,10943,10940,10942,10939,10938,10937,10930,10927,10929,10931,10932,10935,10933,10934,10936,1690,1688,1689,3974,3973,3975,3978,3979,3980,3981,3976,3977,6675,6676,6677,6678,6674,6679,14088,14087,14089,598,597,596,595,594,15942,15936,15943,15937,15944,15941,15938,15939,15945,15946,15940,16103,15954,5878,5882,5880,5879,5881,5883,1709,7875,7874,10668,16136,5211,5210,5194,5207,5196,5197,5209,5200,5201,5202,5203,5204,5205,5208,5206,5195,5199,5198,1719,5278,5277,5276,5281,5282,5279,5283,5284,5275,5280,5971,5965,5966,5963,5968,5972,5964,5970,5962,5969,5967,12358,12359,12361,12362,12363,12360,1991,1990,1989,1988,1987,1986,1985,1992,10727,1894,1893,8477,8478,8480,8481,8482,8479,1723,9577,9573,9576,9578,9574,9572,9570,9575,9571,6392,6386,6391,6385,6389,6381,6382,6388,6383,6390,6394,6393,6387,6384,1976,1980,1979,1978,1975,1977,9905,9904,12452,6336,6337,6329,6330,6328,6339,6327,6326,6332,6338,6331,6325,6335,6334,6333,6507,6505,6504,6509,6499,6500,6498,6508,6506,6501,6502,6503,8305,8317,8319,8307,8318,8313,8316,8315,8308,8314,8309,8310,8311,8312,8306,1107,1099,1098,1105,1111,1104,1103,1102,1100,1101,1110,1109,1108,1106,16107,16108,16106,16105,16104,9146,9147,9148,9149,9140,9150,9139,9151,9145,9141,9142,9152,9155,9154,9143,9153,9144,3451,3450,16110,16109,1397,1399,1396,1398,1395,12356,1194,1193,1195,1196,1192,16163,12406,12296,4289,4185,4186,4187,4188,4353,4352,4309,4259,4261,4260,4262,15390,4334,4335,4336,4285,1351,1350,4308,1822,1821,12101,12108,12100,12103,12099,12102,12109,12106,12107,12105,12104,4209,4216,4217,4218,4219,4220,4214,4215,4221,4210,4211,4212,4213,4158,15948,15949,15950,12577,15975,4181,1330,4250,4251,4338,4337,4246,10666,10659,10655,10656,10667,10663,10654,10662,10660,10653,10652,10664,10665,10657,10658,10661,4286,16160,1848,4307,4306,4160,4159,5165,5164,4304,15657,4241,4244,4243,4242,4240,4239,4238,4245,4288,4287,12914,12913,12915,12912,12911,5357,5356,5365,5363,5358,5359,5360,5362,5361,5364,5366,4276,4277,4278,4279,4280,16010,12298,1125,4179,4180,4167,2845,2846,4339,8069,8070,16168,4824,4809,4810,4812,4813,4814,4815,4817,4818,4819,4820,4821,4822,4823,4825,4816,4811,3563,3562,4135,16101,16102,16100,16098,16099,16097,16096,15866,15870,15867,15868,15869,15871,15865,15872,15864,15873,15874,15875,15876,15863,15862,15861,133,6291,6290,6289,6292,1619,1163,1162,1164,1161,1160,1080,1079,1082,1078,1077,1076,1074,1073,1072,1071,1075,1081,1586,4235,4234,4232,4233,948,947,946,15999,16000,12229,12230,5121,5119,5120,5122,5126,5128,5129,5130,5123,5125,5127,5124,1228,1229,1230,12177,1498,15998,16121,16001,16002,16003,12819,12818,12809,12821,12823,12820,12822,12817,12813,12812,12814,12815,12810,12816,12811,5814,5815,5813,5812,5816,5810,5811,5809,5807,5808,4208,4206,4207,4204,4205,4203,4202,4201,16131,1865,7871,7870,13918,13917,13931,13927,13919,13930,13929,13920,13921,13928,13925,13922,13926,13924,13916,13923,1754,1484,1277,1276,16134,2201,2200,15903,1244,489,491,492,493,494,495,490,497,488,496,1467,1468,16116,1820,12791,16120,16119,16118,2146,16004,16005,15265,15264,15261,15263,15262,6183,6366,6361,6367,6368,6365,6369,6363,6362,6364,16157,16158,9757,5611,5612,5272,16167,6406,6405,6407,6403,6402,6408,6409,6404,6184,6272,5599,5598,5596,5595,5594,5600,5601,5602,5597,2118,2115,2114,2117,2121,2120,2122,2119,2116,5405,5407,5403,5406,5404,10493,10490,10491,10494,10495,10492,10489,9372,5505,12022,12023,5668,5669,5670,5671,3783,3784,3786,3785,708,707,706,709,12225,5980,5981,12528,12529,6039,6038,6037,5184,5182,5181,5186,5185,5183,3411,456,458,457,455,459,16040,719,721,718,720,802,15452,15456,15455,15451,15454,15450,15453,12721,12720,12719,615,613,614,616,612,3510,3509,1733,1732,1734,1731,15898,15458,15459,15460,15877,2918,2924,2917,2923,2916,2921,2915,2919,2920,2922,2914,5630,2151,2147,2148,2149,2150,2152,2153,2155,2156,2154,2144,2145,12252,12251,12253,16115,11956,12549,9336,9335,15596,15595,15593,15592,15591,15597,15594,15598,15590,810,811,812,2271,2273,2272,1136,15882,15880,15890,15881,15888,15886,15889,15887,15885,15884,15883,2160,4310,1447,13340,13339,13338,4330,4328,4329,4332,4326,4327,4331,1023,1024,15420,1946,1945,1944,1943,1400,1401,1402,14433,1974,1973,4153,12582,1142,1145,1146,1147,1148,1144,1143,1141,14831,1696,1697,4300,4301,4302,4303,12412,998,540,246,247,248,1285,1286,1287,1284,1609,1607,1608,1611,1610,1612,12660,12659,1708,3257,12825,12826,12827,12828,1014,1015,1020,1019,1018,1017,1016,863,12259,1728,1726,1725,1727,1729,1724,15893,532,537,536,535,534,533,530,529,528,527,526,531,1554,1828,1829,1835,1830,1831,1832,1833,1834,1836,1425,1096,1261,1260,1259,2038,2040,2039,1149,1780,1328,1329,1327,11541,11539,11540,1756,1757,9579,15338,16389,16390,1494,1495,1485,1493,1486,1487,1488,1492,1489,1490,1491,15331,12593,1553,4646,13459,13456,13455,13457,13458,13460,5144,5140,5141,5142,5143,5145,5152,5147,5148,5149,5150,5151,5153,5154,5146,1432,1772,1264,1265,1266,1267,1268,1263,1269,1270,1271,1272,12792,1691,1692,1119,1458,1461,1462,1457,1460,1459,9028,9026,9025,9027,1225,1224,1223,1222,1219,1227,1220,1221,1226,2231,12739,877,876,878,875,872,865,871,870,869,868,874,867,864,873,866,14596,14595,14597,14600,14601,14598,14599,6442,1803,1802,1694,717,3296,3294,3293,3285,3292,3295,3291,3290,3284,3289,3286,3287,3282,3283,3288,1713,1714,1211,12534,12532,12533,1471,1473,1478,1472,1470,1479,1474,1477,1476,1475,12082,8337,1631,1506,982,981,980,14383,14384,14386,14381,14387,14388,14389,14390,14385,14380,14382,1173,1166,1167,1168,1172,1171,1165,1169,1170,1174,500,498,499,1093,5155,2599,2797,846,967,968,969,970,971,974,973,975,972,976,1717,1718,2992,1753,15982,16183,1749,1750,1748,1751,1752,1706,1705,1704,1703,1964,1965,1966,1967,1968,1446,787,588,587,586,585,584,583,15933,5534,600,1910,16039,16038,16037,16036,16035,16034,16033,10386,1456,2229,2228,2230,2852,12016,12017,12014,12011,12013,12012,12018,12019,12020,12021,12015,12010,5953,855,854,853,852,851,850,849,1007,1008,835,804,805,806,807,1560,1561,433,434,435,432,431,436,430,427,437,428,429,438,14432,12519,12258,1996,1998,1995,1993,1997,1994,1421,1420,9936,9928,9935,9934,9933,9932,9931,9937,9938,9930,9939,9940,9929,10462,9987,9986,1814,1891,1892,10355,1895,1896,1898,1899,1904,1905,1901,1902,1900,1903,1897,9911,9910,9596,1445,1868,10151,6307,14292,14293,14294,2862,2863,6255,9984,1117,1113,1114,1115,1116,1112,9970,9969,6007,6105,6106,6107,6399,6398,6397,6396,6395,12830,5193,5516,5410,1118,2187,10436,10431,10432,10433,10434,10435,10429,10437,10430,2079,2081,2080,1584,1583,1581,1580,1579,1578,1585,1582,12838,12836,12839,12840,12841,12842,12843,12837,12845,12835,12844,1524,1533,1531,1519,1530,1523,1532,1526,1525,1521,1518,1516,1527,1520,1529,1528,1517,1522,1981,5397,5395,5396,5394,5399,5398,5400,4533,4532,4531,5031,5035,5029,5034,5033,5036,5030,5028,5032,12676,12677,10528,10527,10529,1687,1686,1684,1685,2199,2198,1156,1730,12411,12231,940,939,941,943,944,942,12576,2246,1333,16132,862,5310,5315,5314,5313,5312,5311,1559,1558,1855,1854,1853,1852,1851,1035,1410,1255,1256,1257,1336,1340,1009,1376,1375,1368,1373,1367,1374,1366,1369,1370,1371,1372,2054,2057,2059,2060,2061,2062,2063,2056,2058,2055,1124,1698,1140,1139,1138,1137,1436,1435,1438,1437,1364,1361,1362,1363,1359,1365,1357,1358,1360,1046,1047,1044,1043,1048,1049,1045,1815,1091,1090,962,960,961,1879,1878,2930,1422,1676,1866,1089,1624,1032,1031,1030,1029,1338,966,964,965,1577,963,945,918,919,917,1775,913,911,910,914,903,912,908,907,906,905,904,915,909,1505,1504,1502,1503,1501,2262,1153,1768,1426,1427,1242,1243,1309,1776,1613,1615,1614,1616,1617,1630,950,949,1451,1452,1453,1563,1463,1464,1278,1701,1377,1378,1331,1245,1246,1249,1250,1252,1253,1254,1248,1247,1251,1699,978,977,1677,1003,1002,1004,1005,1001,1006,1567,1566,1565,1812,12590,12589,12588,12591,12587,1279,1281,1283,1280,1282,14683,14684,14685,14688,14687,14686,16161,880,879,12508,1562,990,1412,1418,1413,1417,1414,1416,1415,1320,1319,1867,1913,1070,1069,1769,1290,1778,1779,6947,6946,6945,6944,6943,6942,1735,1306,1305,1304,15129,52,1738,1739,1154,16485,1675,1674,1673,1067,1065,1064,1068,1066,1060,1092,1293,1428,985,984,987,983,986,4499,4500,4501,4497,4502,4498,4503,4507,4505,4506,4504,8718,8717,8716,8715,8712,8714,8713,1430,1429,9591,9586,9590,9589,9588,9587,820,819,818,821,15081,15078,15080,15082,15077,15079,1323,14079,14086,14085,14080,14081,14082,14083,14084,834,858,857,860,856,859,922,1700,2575,2585,2582,2581,2586,2587,2580,2579,2578,2577,2576,2588,2584,2583,2572,2573,2574,2571,11219,11221,11222,11223,11220,11225,11226,11224,1712,3998,14809,14808,14815,14814,14813,14812,14811,14810,1423,1424,10669