10896,11584,11655,11656,11657,11658,11904,11910,11909,11908,11907,11906,11905,11075,11074,11077,11076,11737,11738,11743,11741,11742,11739,11734,11735,11736,11740,10811,11178,11177,11176,11175,11174,11169,11172,11171,11168,11179,11173,11180,11170,11377,11140,11660,11512,11513,11511,11514,11519,11518,11515,11509,11517,11516,11510,11165,11166,11163,11164,11618,11926,11923,11924,11928,11927,11929,11921,11925,11922,11167,11573,11576,11572,11574,11575,11577,11087,11877,11045,11046,11048,11049,11050,11051,11047,10780,10781,11263,11262,11256,11259,11258,11257,11265,11266,11261,11267,11254,11255,11264,11260,11233,11416,10791,11671,11675,11676,11664,11665,11666,11667,11668,11669,11670,11677,11672,11673,11679,11678,11674,11790,8356,11828,11829,11830,11831,11528,11462,11546,11543,11544,11542,11545,8091,8030,8029,8032,8031,11728,11800,11801,11052,10882,10883,10884,10891,10892,10890,10889,10888,10885,10881,10877,10879,10880,10893,10875,10887,10876,10886,10878,10944,7390,7392,7393,7394,7395,7391,6766,6767,6765,6763,6762,6761,6760,6759,6758,6768,6764,11585,11773,2704,2703,2702,2701,2700,2699,11918,11913,11914,11915,11916,11919,11920,11917,11200,11201,7627,7626,7625,7624,11411,11410,8075,8074,8073,8076,8084,8085,8080,8083,8082,8081,8079,8087,8086,8077,8078,11036,11035,11034,11033,11032,11029,11030,11031,8033,10789,10790,10786,10788,10785,10787,10784,11312,11310,11313,11314,11318,11315,11316,11317,11311,10771,10770,7493,2708,2709,2711,2715,2714,2707,2706,2705,2713,2712,2710,11111,11112,11113,11114,11115,11110,11661,11662,11663,10976,11781,11596,11598,11599,11597,10918,10921,10914,10916,10920,10922,10913,10923,10924,10925,10926,10917,10915,10919,10911,10910,10909,10908,10912,11089,11634,11633,11632,11631,11726,11725,2656,2652,2653,2657,2664,2659,2660,2661,2662,2663,2654,2665,2666,2658,2655,11636,8064,8063,8068,8067,8065,8061,8060,8059,8058,8057,8056,8055,8066,8062,8090,11198,11197,11064,11065,11765,2603,2604,11586,11707,11706,11587,11588,11589,11590,11591,11471,11465,11475,11474,11473,11472,11470,11469,11468,11467,11466,11477,11464,11478,11476,11415,11414,11413,11412,10799,10800,10801,10798,2595,11619,11550,11549,8292,10779,11635,11680,11637,10821,8325,8326,11880,11881,11879,11882,11802,11627,11624,11625,11626,11547,11548,10828,11445,11501,11506,11494,11507,11508,11504,11503,11502,11500,11499,11498,11497,11505,11496,11495,11427,7316,7317,7318,7319,7567,7566,8039,8041,8038,8040,8034,8035,8036,8037,6847,6850,6851,6848,6846,6849,11659,7422,7417,7416,7420,7421,7427,7415,7425,7426,7419,7418,7424,7423,8049,8053,8051,8050,8045,8044,8054,8043,8048,8047,8042,8046,8052,11199,13368,13369,11791,11530,8410,8408,8409,8411,7645,7644,11235,11247,11248,11236,11237,11238,11239,11241,11242,11243,11244,11245,11234,11240,11246,10904,10903,10902,2722,2716,2717,2718,2719,2720,2721,2730,2723,2725,2726,2727,2728,2729,2724,6833,8336,8335,8072,8414,7062,10740,10741,10742,11444,8212,8213,7149,7148,11797,11795,11796,11798,11799,11794,11793,16482,11537,11538,11536,7631,7630,7629,7628,7632,7633,2376,2410,2411,2412,16326,16327,16329,16333,16332,16331,16330,16334,16335,16328,2512,2511,12234,2299,2298,11778,11779,11780,11777,6825,2479,2478,2477,2476,7214,7222,7215,7216,7217,7218,7219,7220,7213,7221,12417,11630,2519,2520,12502,12503,11583,11044,11043,11042,11847,11848,11850,11849,11851,11852,11853,2361,2490,2489,2486,2487,2488,16336,6957,6956,6955,6999,2566,2565,2564,2563,2568,2562,2561,2567,2560,2559,2435,2428,2429,2430,2431,2441,2440,2439,2438,2437,2436,2432,2433,2434,7531,7529,7526,7534,7533,7532,7530,7527,7528,12091,12090,12085,12086,12089,12087,12088,16441,11977,11976,11183,11181,11182,5138,10981,10992,10991,10990,10978,10989,10988,10987,10986,10985,10984,10983,10977,10993,10980,10982,10994,10979,16481,11614,11615,11616,11617,10813,10812,7671,7672,7674,7670,7675,7676,7677,7678,7673,3386,3384,3385,2536,10845,12264,13274,13275,13256,13261,13277,13266,13262,13265,13257,13264,13260,13269,13270,13271,13263,13259,13276,13272,13258,13273,13268,13267,11884,11883,16402,16403,16263,16262,5133,5134,5135,5136,6868,11395,11394,11704,11705,10768,8216,8217,7463,7469,7468,7467,7466,7465,7464,7471,7470,3888,11405,11406,11397,11401,11400,11403,11404,11399,11398,11402,2570,2569,7616,7619,7615,7614,7613,7612,7617,7618,7610,7609,7620,7621,7622,7611,7623,10747,10744,10743,10746,10748,10745,16209,10827,10826,10825,10824,10823,10822,2339,2335,2334,2337,2338,2340,2333,2332,2336,8071,16308,16301,16305,16290,16289,16288,16287,16286,16285,16284,16283,16282,16281,16307,16280,16295,16296,16297,16298,16299,16300,16293,16302,16303,16304,16294,16291,16292,16306,7486,7485,7481,7484,7483,7482,16323,16324,16325,12371,2500,2505,2503,2502,2501,2499,2504,3898,3899,3900,3901,3902,3903,3904,12497,12498,12496,12495,12494,12500,12492,12491,12499,12493,12501,11708,2913,2470,3889,16436,16438,16437,10734,10732,10735,10736,10733,10738,10739,10737,6859,4546,4542,4538,4541,4540,4548,4545,4547,4539,4544,4543,2345,2346,11527,11968,11973,11969,11971,11970,11974,11972,2510,7031,7029,7030,12265,7643,7640,7639,7638,7641,7635,7637,7636,7642,2373,2374,8413,11124,2387,2386,2378,2384,2383,2382,2381,2379,2377,2385,2380,7499,7498,7503,7501,7504,7496,7502,7500,7497,3520,3521,11121,11122,11118,11119,11116,11120,11123,11117,2748,5137,3082,3081,11187,11188,11189,11190,11196,11191,11192,11193,11194,11195,12152,12151,10769,11701,11702,11703,3864,3863,3865,2814,2815,2812,2816,2817,2813,2811,11774,12397,11772,5166,7544,11302,11301,11303,2760,2759,2758,13383,3273,3121,3274,2442,12557,11560,11567,11568,11565,11562,11564,11570,11561,11569,11566,11563,6938,2300,2305,2301,2302,2303,2304,2306,2307,2308,11186,11184,11185,6922,6921,6920,6924,6923,8138,8139,7235,7242,7237,7238,7239,7240,7241,7243,7234,7245,7236,7244,2389,2408,2407,2397,2391,2392,2393,2394,2395,2396,2390,2398,2399,2409,2401,2402,2403,2404,2405,2406,2400,6954,3116,7428,7429,7430,7431,7432,7433,7434,7436,7437,7438,7435,7440,7439,3917,3916,4792,4793,4785,4795,4784,4796,4797,4794,4783,4791,4790,4782,4781,4780,4789,4788,4787,4786,16486,2453,2450,2449,2452,2448,2447,2446,2451,2445,2444,3195,5086,5087,5084,5085,2755,2756,12038,12039,11493,2509,8417,8415,8418,8416,16187,16185,16186,4804,4803,4802,8354,6909,6903,6907,6906,6902,6917,6904,6905,6908,6910,6918,6912,6919,6897,6898,6899,6900,6901,6911,6916,6914,6913,6915,2960,2763,11935,11934,11933,11936,10846,4410,4411,4412,4408,4404,4401,4405,4402,4409,4403,4407,4406,3913,3912,3911,4615,4614,4534,4535,4536,2962,2964,2965,2966,2963,2872,2843,2842,2841,2839,2838,2833,2844,2840,2836,2837,2834,2835,13169,7057,6756,7477,7478,10753,10754,10755,10765,10763,10756,10766,10757,10758,10759,10760,10767,10761,10762,10764,7324,9908,4356,4358,4359,4357,4360,3062,3065,3077,3078,3076,3064,3075,3070,3074,3069,3063,3072,3073,3071,3061,3067,3066,3068,11056,11057,11058,11059,11060,11061,11062,11063,11054,11055,6853,6854,6852,6855,6856,10001,8140,8141,13126,13127,13125,12133,7313,7311,7312,7310,7309,4642,4711,4710,11592,11593,11594,11595,13248,11250,11251,11252,11253,11249,4922,4923,3297,16425,3272,5061,11620,11622,11621,11623,4645,4565,4571,4564,4566,4567,4568,4569,4570,4572,4575,4574,4576,4577,4578,4579,4580,4581,4573,2750,2753,2752,2751,9693,8207,8205,8204,8200,8201,8202,8203,8199,8210,8209,8208,8206,3200,3199,3198,3197,7294,7295,7296,11127,11126,11128,11129,11125,7059,7060,7061,8524,8525,8526,4618,11710,11711,11712,11713,11714,11715,11716,11717,11709,10237,10238,10236,11417,11426,11425,11424,11422,11421,11423,11420,11419,11418,10068,10067,10064,10066,10062,10061,10059,10058,10063,10065,10060,11811,11812,11813,11814,11815,11816,11817,11818,11825,11820,11821,11822,11823,11824,11819,4222,5026,5025,5027,8557,8556,8555,8554,8553,8560,8559,8561,8552,8562,8558,6995,6996,4886,4885,4888,4887,4884,4882,4881,4880,4874,4875,4876,4877,4878,4879,4883,14359,13388,13389,13390,2820,10324,4908,4909,8360,4132,4129,4128,4127,4126,4131,4130,4723,4721,4729,4722,4726,4725,4724,4727,4728,4719,4718,4717,4730,4720,5037,12966,10085,10194,4589,4599,4598,4597,4588,4595,4596,4591,4592,4593,4590,4594,9715,2879,2880,7207,7198,7199,7200,7208,7201,7202,7206,7203,7204,7205,10020,6792,6794,6791,6793,6951,4275,2951,2952,4252,8225,13731,3649,3109,3106,3105,3104,3108,3107,3110,3111,3112,3113,11757,11754,11753,11758,11755,11756,11750,11751,11759,11749,11748,11747,11746,11745,11752,11760,11761,11763,11764,11744,11762,7297,9692,6934,6930,6929,6931,6932,6933,7337,7338,10818,10819,10820,10816,10817,10815,4464,4472,4471,4462,4470,4466,4467,4469,4465,4463,4468,11319,11320,11321,11322,11324,11326,11327,11328,11329,11323,11325,13104,13103,3172,3173,3174,3162,3159,3161,3175,3177,3160,3163,3170,3164,3178,3158,3165,3166,3167,3168,3176,3169,3171,3787,3788,3789,3790,3799,3798,3795,3796,3793,3794,3800,3801,3797,3802,3792,3791,4146,4145,4147,4148,4149,4150,4151,4144,4152,3276,3275,9607,11930,11931,7664,7663,7662,7661,7256,7258,7257,7248,7252,7254,7247,7253,7250,7251,7249,7255,9621,9620,9619,9618,9617,9616,9623,9624,9622,12332,12331,12330,12329,6789,6788,6790,6961,13624,11299,11300,11298,11297,11296,11295,11294,11292,11291,11293,11285,11286,11288,11289,11290,11287,12221,12222,12223,12224,3236,8449,8450,8459,8458,8456,8457,8452,8455,8454,8451,8453,7290,7289,7288,3090,2989,2988,2990,6953,10361,13054,9902,2995,13053,11053,10389,10390,10391,10392,10393,10388,10387,4143,11581,11580,11579,11578,9999,3965,3092,7525,7524,7523,7320,6748,6749,6740,6739,6747,6741,6745,6744,6743,6742,6746,8535,8534,8533,8532,8536,11363,11365,11366,11364,11367,4305,16352,10793,10794,10795,2830,2829,2828,2832,2831,6732,6738,6737,6736,6733,6735,6734,4643,4644,11638,9594,9593,13843,13842,13844,19,20,12984,12981,12982,12983,3126,14893,14891,14890,14889,14888,14885,14886,14892,14884,14887,6939,6940,2972,2971,2762,10452,8300,8302,8299,8298,8297,8296,8301,58,14680,14682,14681,13004,13003,6751,3093,10782,10783,13233,11434,11432,11430,11429,11428,11433,11435,11436,11431,8291,7209,7210,7211,7212,8575,8576,8577,13060,13061,13062,13059,14289,14288,14290,7557,7550,7551,7556,7553,7554,7552,7560,7555,7558,7559,14615,14614,14613,14612,14611,14610,14616,13015,13017,13005,13006,13007,13008,13009,13018,13011,13010,13012,13013,13014,13016,7291,7292,5012,10797,10796,3601,11937,11938,2935,64,4319,4312,4315,4320,4321,4316,4311,4322,4323,4324,4325,4317,4318,4313,4314,9585,9582,9584,9583,14986,14987,7547,7546,7545,12970,2738,2737,2739,2740,4255,4254,4253,10690,10691,10692,10693,10694,10695,10696,11841,11839,11840,11845,11843,11844,11837,11842,11838,7658,7657,16409,4351,4349,4350,6941,13166,13159,13165,13164,13163,13162,13161,13160,6990,6993,6992,6991,14982,6805,6801,6803,6800,6799,6804,6802,3119,3118,3131,3132,11230,11227,11228,11229,11232,11231,12980,14794,7667,13285,11571,3193,8377,8382,8381,8365,8366,8367,8368,8376,8369,8370,8371,8372,8373,8379,8378,8380,8375,8374,3086,3085,6754,6753,6752,8211,23,22,2788,2791,2790,2789,2792,13283,2986,11351,11347,11348,11352,11353,11350,11354,11358,11355,11356,11357,11349,11359,11346,11360,11361,11362,11345,2461,2460,2458,2459,2455,2457,2454,2456,8122,8129,8130,8126,8123,8125,8128,8119,8116,8115,8124,8127,8114,8121,8120,8118,8117,7669,7668,2893,14,12,15,16,17,11,3,9,2,8,4,7,6,5,10,13,10509,11729,11731,11730,11396,7046,7042,7054,7053,7041,7051,7050,7052,7048,7047,7045,7043,7044,7049,3120,3043,11639,14858,2591,2592,2593,2590,4171,4168,4170,4169,11582,2764,2742,2745,2744,2743,12976,12974,12978,12973,12972,12971,12975,12977,12965,2795,2796,2794,2793,11932,13084,13082,13081,13080,13079,13078,13077,13083,2472,2471,2473,2474,26,14727,21,11004,11002,11003,3049,7192,7197,7193,7196,7194,7195,4980,4985,4976,4986,4977,4978,4979,4988,4981,4984,4983,4982,4987,13329,13331,13327,13326,13332,13324,13323,13337,13333,13335,13330,13325,13336,13328,13334,3125,7562,7563,7564,7565,7561,8549,8548,8547,8546,8545,8544,8543,8542,8541,8323,8322,8321,8320,8324,7055,7056,11376,2754,6891,6890,6888,6892,6893,6875,6894,6874,6887,6896,6895,6886,6889,6879,6880,6881,6882,6883,6884,6878,6885,6877,6876,3152,4490,4491,4487,4489,4488,4492,2775,7092,2667,2669,2670,2671,2672,2673,2674,2675,2676,2677,2678,2679,2680,2668,7441,2865,2866,2867,7094,6831,7096,14621,13052,7448,7447,7446,7445,7444,7443,7442,2847,2848,13076,7140,7130,7129,7131,7132,7138,7134,7135,7137,7128,7139,7141,7133,7127,7136,2981,2982,2980,2976,2977,2978,2979,2970,2969,14841,14840,14944,14945,14946,14950,14942,14947,14949,14943,14951,14948,14907,10972,10974,10973,10975,16459,16460,16457,16461,16465,16464,16463,16462,16456,16458,3150,3149,3151,14689,14034,14035,14033,8643,10897,10898,10899,10901,10900,8401,8399,8402,8403,8404,8400,8387,8405,8397,8388,8389,8390,8391,8392,8393,8385,8394,8386,8398,8395,8396,12396,7650,7655,7654,7651,7652,7656,7653,8229,8234,8230,8228,8226,8227,8233,8231,8232,3515,3516,3517,3514,3513,2768,7145,3084,11787,11786,11785,11789,11788,3194,11683,11694,11690,11698,11691,11692,11688,11693,11681,11682,11699,11689,11695,11696,11697,11687,11686,11685,11684,2776,2934,3961,15076,15074,15075,3970,9916,3156,3155,7093,7571,7572,7573,7574,7575,7576,7578,7579,7577,7581,7582,7583,7584,7570,7569,7580,10971,2596,2597,2598,2800,13345,13352,13351,13350,13349,13348,13347,13346,13344,13343,13342,13353,65,3134,2855,4889,7517,7518,7519,7520,3383,2985,2375,13155,13154,13153,13152,13151,13150,4906,3001,7522,3919,3921,3920,3918,7225,7224,53,54,57,56,55,3279,14775,10874,10873,10869,10872,10870,10871,14354,3467,3457,3458,3459,3460,3465,3461,3462,3463,3466,3464,10810,8528,8527,4112,4110,4113,4109,4114,4107,4111,4106,4104,4105,4108,7386,7385,7382,7377,7383,7375,7381,7380,7379,7376,7384,7378,15072,8573,8572,11700,15147,15146,4002,4005,4003,4004,3999,4000,4001,4418,4423,4419,4417,4416,4420,4421,4422,4415,4424,4413,4426,4414,4429,4428,4427,4425,7321,7322,7323,8407,2799,13305,13306,13307,13308,13309,13311,13312,13313,13314,13315,13316,13318,13319,13320,13321,13322,13310,13317,14795,6757,3765,3766,3767,3768,3769,3770,3771,3764,3772,2997,2996,2998,2999,7474,7472,7476,7473,7475,7329,7328,7326,7327,8151,8153,8150,8149,8148,8143,8147,8146,8145,8144,8159,8158,8157,8156,8155,8154,8142,8160,8152,14857,14855,14856,9917,11902,7665,3201,8303,8304,2822,11037,3982,2953,2954,13232,4473,4476,4475,4474,3650,9915,10792,3099,3101,3100,7173,2819,3051,2682,2681,7097,11460,11459,11458,11457,3505,13158,13156,13157,11038,3191,3192,13134,2747,4556,4550,4551,4552,4553,4554,4555,4557,4558,4559,4560,4561,4562,4549,2736,7146,13292,13300,13299,13298,13291,13290,13296,13295,13286,13301,13287,13302,13294,13297,13288,13289,13293,4122,4121,6987,6989,6986,6984,6985,6988,15039,8412,2732,2731,13364,2046,2047,2045,2044,4022,2594,13354,4120,7480,3955,3954,3957,3956,2974,13284,3849,3862,3861,3860,3850,3859,3857,3856,3855,3854,3853,3852,3851,3848,3858,7106,3095,16548,2601,2600,2602,3102,2878,7335,7334,7333,7332,7331,7330,13237,13238,13239,13240,13241,13245,13243,13244,13236,13246,13242,13235,13247,13234,7479,7308,13371,13374,13376,13377,13378,13379,13380,13375,13372,13373,14669,11887,11886,11885,15166,8728,8727,8725,8726,2605,7095,8433,8569,16266,16265,16267,3115,3114,12248,6936,6935,11559,3087,10535,10534,10536,10537,4006,3504,3503,3502,3501,3497,3500,3498,3499,13254,13255,10115,11903,3154,13122,3278,7593,7595,7596,7597,7598,7589,7588,7594,7590,7587,7586,7585,7592,7599,7591,2388,2362,4526,5109,5098,5097,5099,5100,5101,5102,5106,5110,5103,5105,5107,5108,5104,8007,3139,3135,3136,3137,3138,3142,3140,3141,3374,3380,3375,3376,3377,3382,3378,3379,3381,2632,2633,2638,2640,2639,2637,2636,2628,2631,2629,2630,2634,2635,4051,4052,5818,5819,5817,10678,10683,10680,10677,10681,10682,10679,6306,7548,7876,4119,14790,6950,6949,6948,6978,15106,3580,13191,3571,3572,2784,11072,11073,7150,16573,16574,16580,16579,16578,16575,16576,16577,16572,16551,16550,16549,3277,7259,7266,7260,7267,7268,7264,7261,7262,7263,7265,5408,5409,6360,15120,7123,7124,14764,14763,11490,11485,11486,11483,11487,11491,11488,11482,11484,11489,11492,11480,11481,11479,3190,7232,7230,7231,7229,7233,7370,7369,7365,7364,7358,7359,7360,7366,7361,7362,7363,7367,7368,16487,16488,16489,16490,16492,16491,11461,7325,3962,3707,8505,8504,8507,8503,8502,8501,8499,8498,8508,8509,8510,8511,8506,8500,8512,8514,8513,7147,4970,3546,3543,3544,3547,3542,3545,6778,6777,6776,6779,6774,6769,6775,6770,6771,6773,6772,16354,3519,14859,14860,10627,10626,10628,4696,4698,4699,4700,4701,4695,4694,4702,4693,4692,4703,4697,4691,4705,4704,7634,14791,3835,3836,6806,6816,6815,6814,6813,6811,6810,6809,6808,6807,6812,6594,2895,14922,14923,14924,14925,2651,16478,16477,16532,16531,16530,16529,16528,3694,3695,3696,3697,3698,3699,4715,2607,2606,7172,3922,16269,16270,13120,13119,13118,13117,13112,13115,13114,13113,13111,13116,8290,8287,8288,8289,8362,11308,11309,6994,7400,7404,7405,7403,7402,7401,7397,7396,7406,7398,7399,2854,5503,3234,3232,3233,3231,3230,3229,3227,3235,3228,7314,11648,11649,3345,7877,7878,12985,7152,3028,8103,6965,6977,6974,6964,6962,6973,6976,6972,6971,6970,6969,6968,6967,6966,6963,6975,5096,5094,5095,4896,4900,4899,4898,4897,4895,4894,4903,4893,4892,4891,4890,4904,4901,4902,7487,3124,5179,6872,6873,15127,15128,7462,7098,6448,6457,6450,6447,6446,6458,6445,6444,6443,6456,6455,6454,6453,6452,6451,6449,3824,3823,10805,10806,10807,10802,10803,10808,10804,10809,13250,13251,13252,13253,3050,14728,10954,10953,15058,11375,11371,11370,11372,11368,11369,11374,11373,7293,11040,11039,11041,2182,2186,2184,2185,2183,7373,7374,3091,3058,14639,14640,14641,14642,6832,6870,6871,6869,10844,10838,10842,10841,10840,10839,10834,10835,10836,10843,10837,10775,10772,10773,10774,10776,10777,10778,10576,10577,10578,10579,10580,10581,10582,10583,10584,10574,10586,10575,10573,10587,10588,10585,6787,6786,6785,6780,6782,6783,6784,6781,13110,8224,8221,8223,8222,8220,2809,15091,3842,3844,3845,3839,3838,3837,3841,3843,3840,16204,16200,16202,16195,16201,16197,16198,16199,16203,16196,2627,2626,2611,2609,2610,2612,2613,2614,2615,2616,2608,2617,2621,2622,2623,2618,2625,2624,2619,2620,2864,3122,3123,3989,3990,3000,5083,5081,5071,5082,5079,5078,5077,5074,5080,5075,5076,5073,5072,2777,7861,7859,7860,3690,3691,3692,3688,3689,6819,6818,6817,14709,7521,7116,7119,7117,7122,7121,7120,7118,7115,7666,6795,8648,8649,3670,3672,3673,3669,3668,3667,3666,3665,3664,3671,3662,3663,3660,3661,3659,3658,3657,3656,3655,3654,6821,6822,6820,6824,6823,3280,7458,7457,7456,7455,7454,7453,7452,7459,7451,7450,7460,7461,7449,7356,7346,7355,7354,7353,7352,7351,7350,7349,7348,7347,7357,7345,7344,7343,3781,11876,11875,11874,11873,10686,13278,2698,2697,2695,2683,2684,2685,2686,2687,2694,2688,2690,2691,2692,2696,2693,2689,2983,6099,2870,2871,6187,5806,8094,2766,2749,7270,7282,7281,7280,7279,7278,7277,7276,7275,7274,7269,7272,7271,7273,4600,4601,4603,4604,4605,4602,3060,8093,16268,14902,14901,14903,14904,14905,14900,14898,14897,14899,14896,14895,2779,2780,2781,2778,7142,8678,8679,8680,8681,10671,2973,4141,4142,4139,4138,4137,4136,4140,14675,4156,4157,4155,4154,11900,11898,11897,11896,11895,11894,11893,11899,11901,15398,15399,15406,15397,15409,15408,15407,15405,15404,15410,15402,15401,15400,15403,8647,8644,8645,8646,14754,4748,4747,4738,4742,4739,4746,4745,4744,4743,4740,4741,10670,3508,3507,3506,3511,6595,3146,6828,6830,6827,6826,6829,12239,12240,12238,8422,8420,8421,8423,8424,3238,14846,14847,2877,2876,32,33,34,15038,11605,11606,3534,13358,13359,13360,8131,8635,8636,8634,15014,15013,15012,15011,15010,3133,8383,8384,14624,14623,14622,2821,2928,13421,13422,13424,13425,13423,13426,7008,7012,7019,7017,7020,7016,7015,7014,7013,7018,7021,7010,7007,7028,7003,7022,7002,7001,7025,7024,7027,7004,7011,7009,7005,7006,7023,7000,7026,2765,2818,7336,12947,12949,12948,12946,12945,12944,12943,12942,12950,12941,13341,8597,15500,15499,15498,15497,15496,5139,8578,3709,3708,12309,12317,12316,12315,12314,12313,12312,12303,12304,12305,12306,12307,12308,12318,12310,12319,12311,12320,7728,7729,8522,8521,5648,10510,7151,4115,4116,12376,12375,12374,12373,14828,14827,14830,14826,14822,14823,14821,14820,14829,14819,14824,14825,14818,14817,14816,12399,12400,12401,11846,6152,9753,6755,15071,15160,15161,15162,15163,15164,15165,15158,15159,7246,3329,3323,3328,3324,3325,3326,3327,3330,5569,5567,5566,5565,5570,5568,13249,4193,4200,4197,4196,4195,4194,4192,4191,4190,4199,4189,4198,12403,12404,12405,12402,3496,6580,6585,6584,6583,6582,6581,6579,11284,11274,11275,11276,11283,11273,11272,11282,11271,11278,11270,11269,11268,11279,11280,11277,11281,3054,4852,4849,4851,4853,4854,4855,4850,4856,7776,7775,7774,7773,3945,10688,10687,10689,16518,16520,16521,16522,16523,16524,16517,16519,15530,15528,15527,15526,15529,1,4928,4929,4930,4931,4932,2967,2968,11958,11960,11957,11959,8628,8627,6867,6866,6865,6861,6863,6864,6862,7966,13109,13105,13106,13107,13108,2824,3905,3906,3908,3909,3910,3907,11409,11408,11407,2589,8106,8565,8567,8568,8566,8564,8563,14636,14635,14637,14631,14634,14629,14632,14630,14633,12328,5233,6487,6488,2349,2351,2350,2348,7725,7721,7720,7722,7717,7723,7724,7719,7718,7879,7888,7886,7885,7884,7880,7881,7882,7887,7883,7984,7980,7985,7981,7982,7983,25,5768,3890,1963,1962,2537,6186,7492,7491,6844,6843,6842,6841,13825,13827,13828,13829,13826,13824,8331,8332,8333,63,62,14793,16279,16278,12138,12137,12136,12140,12139,15073,3444,3431,3443,3442,3438,3433,3439,3440,3447,3446,3441,3445,3434,3435,3436,3432,3437,2810,6959,6960,8215,8214,2803,6600,6610,6603,6609,6601,6611,6607,6602,6605,6604,6612,6606,6608,6613,6614,2783,7603,7607,7604,7605,7602,7606,7600,7608,7601,5685,5691,5686,5689,5687,5690,5688,5692,7857,7858,5531,5532,2994,11782,11783,15550,15552,15545,15546,15547,15548,15549,15551,15553,15554,15555,15556,15557,7727,13626,13625,5235,5245,5241,5243,5240,5244,5246,5249,5239,5238,5237,5234,5236,5242,5247,5248,12597,12603,12595,12596,12598,12599,12600,12594,12602,12601,5231,5232,3145,3947,3948,3949,3950,3870,3871,3872,3873,5978,6641,16571,16570,2801,11554,11555,11556,11557,6926,6927,6928,6925,10855,10858,10857,10854,10856,10848,10851,10850,10849,10847,10852,10853,6237,5695,5694,8286,8285,5331,5330,7912,7913,7915,7916,7914,7923,7922,7921,7920,7919,7918,7917,7341,7342,2894,7090,7089,7088,7087,7086,7085,7091,7081,7075,7070,7076,7071,7077,7072,7084,7074,7073,7083,7082,7078,7080,7079,5161,5159,5160,5156,5157,5158,7682,7681,2927,7960,7962,7963,7959,7961,7964,7958,7957,7956,7965,11978,11979,16493,6247,6248,11784,2491,2493,2492,5942,8136,8135,8134,8111,8112,8113,11610,11609,11612,11607,11608,11613,11611,7153,7154,7155,7156,7157,7164,7158,7163,7162,7159,7160,7161,7568,7799,12460,12459,12461,12462,3117,8092,3337,3338,6470,6474,6471,6472,6473,4033,4032,4031,14789,14788,14782,14784,14785,14786,14787,14783,8529,18,7872,3157,6380,5564,3026,3016,3012,3013,3014,3025,3027,3018,3015,3019,3020,3021,3017,3024,3023,3022,3887,12530,2641,2642,2643,2644,2645,2647,2648,2646,2650,2649,14871,14872,14873,7827,7826,7825,7828,3559,3560,3558,3561,3556,3553,3552,3551,3550,3554,3548,3549,3555,3557,10712,10718,10717,10713,10714,10726,10719,10716,10722,10715,10721,10720,10725,10724,10723,14707,6173,6174,6181,6180,6175,6176,6182,6178,6179,6177,2931,7407,7408,7409,7410,7413,7412,7411,11792,2419,2417,2418,2414,2420,2416,2422,2421,2424,2425,2426,2427,2413,2423,2415,5821,5820,14960,14959,14961,9782,11079,11078,11086,11085,11080,11084,11081,11083,11082,4184,4182,4183,7762,6120,6121,6123,6124,6122,7909,7908,4018,4019,13148,13149,4178,4177,4176,4175,4174,4173,4172,14603,5616,5615,5614,5613,5617,6952,6642,13222,13215,13219,13220,13221,13223,13217,13225,13226,13227,13228,13229,13216,13224,13218,6263,9803,9804,9802,6246,6245,5293,5288,5296,5295,5294,5292,5289,5291,5290,5764,3218,3219,6188,6196,6189,6197,6195,6190,6194,6191,6192,6193,6198,8574,6323,6322,6321,6320,6319,6318,6324,14592,14576,14575,14577,14578,14579,14580,14582,14583,14584,14581,14586,14587,14588,14589,14590,14585,14591,5523,5522,12115,12114,12111,12112,12113,14870,4049,4050,14927,3127,8473,8472,8470,8469,8475,8468,8461,8474,8464,8471,8465,8467,8466,8462,8463,7801,7800,10531,10532,10533,3187,3186,5748,5749,5750,5751,5746,5745,5752,5753,5747,5744,5743,7514,7516,7515,8364,7104,7102,7101,7100,7099,7105,7103,6281,6276,6282,6274,6279,6278,6277,6280,6275,9961,14670,5509,5511,5508,5512,5513,5514,5506,5507,5515,5510,14983,3088,3089,2734,2735,6592,6591,6590,6589,6588,6587,6586,6593,2926,2925,3256,3251,3245,3255,3242,3248,3247,3250,3249,3246,3243,3252,3253,3254,3244,3582,3585,3583,3584,3581,3586,3590,3588,3589,3591,3587,6250,6249,6251,6252,6253,4055,4054,4056,4062,4058,4068,4069,4067,4066,4065,4064,4063,4057,4070,4075,4071,4072,4073,4074,4059,4076,4061,4060,5924,5925,5921,5920,5922,5919,5923,6303,11020,11021,11024,11023,11022,11019,11027,11025,11015,11026,11016,11017,11028,11018,11771,11770,11766,11767,11769,11768,3483,3484,3485,6018,6019,6025,6020,6023,6026,6027,6028,6029,6030,6017,6031,6024,6021,6022,2078,5906,5916,5915,5914,5913,5912,5907,5911,5908,5903,5904,5905,5909,5910,13952,7840,7837,7838,7839,11341,11342,11343,11344,11340,11336,11339,11335,11330,11331,11338,11337,11333,11334,11332,5983,5309,5307,5308,5306,3410,2883,2882,2881,2884,13135,11391,11393,11392,11390,3196,14852,14851,14853,2481,2485,2484,2480,2482,2483,16534,16538,16540,16533,16539,16537,16535,16536,5917,8089,11912,11911,5502,15170,13356,6308,16430,16432,16433,16434,16435,16429,16431,16427,16428,6243,6241,6240,6242,12395,6199,6201,6209,6200,6219,6202,6217,6215,6214,6203,6204,6205,6206,6207,6213,6212,6211,6210,6208,6218,6216,13947,13951,13950,13949,13948,5263,10227,10226,3129,3130,3578,15395,15394,12617,12616,6119,7862,7863,7865,7866,7864,7867,7868,2806,2805,2804,12929,15121,6304,6225,6224,6223,6222,6221,6220,6227,6228,6230,6229,6226,4924,4925,4926,4927,6104,6401,3735,3736,3737,3738,3741,3732,3731,3740,3746,3745,3744,3729,3733,3727,3728,3730,3743,3734,3739,3742,3726,6032,6033,6034,5833,5841,5835,5842,5837,5838,5839,5840,5834,5836,5305,5388,15168,15167,5212,5478,5477,5476,5475,5474,5472,5471,5473,13452,13453,13454,4035,4034,2853,5336,5335,5334,5337,5956,5958,5957,2868,13481,13487,13486,13483,13484,13485,13489,13488,13482,5697,5696,7794,7793,7778,7791,7790,7789,7788,7777,7787,7779,7780,7786,7785,7784,7783,7782,7781,7792,5610,5604,5609,5608,5607,5606,5605,5603,3834,6423,6422,2897,14844,5459,5894,5895,5896,5893,5892,13304,13303,31,30,16557,16556,16555,16558,16554,16552,16560,16561,16562,16563,16564,16565,16566,16567,16568,16553,16559,2898,11552,11553,7305,7306,7299,7307,7304,7303,7302,7301,7300,6066,6067,6068,6069,6070,6071,6072,6073,6077,6075,6065,6078,6079,6080,6081,6074,6076,7144,7143,14980,5494,5495,5496,5497,5498,4223,5170,8610,8624,8609,8611,8612,8623,8617,8613,8615,8614,8625,8621,8620,8619,8618,8622,8616,8626,5666,5665,14940,14939,14941,14769,14768,14767,14766,14771,14772,14773,14774,14770,8006,8530,6008,2475,14797,5525,5526,5524,5683,5684,5682,2798,11854,10228,5982,7873,13964,13965,13969,13968,13966,13967,13355,14706,14699,14700,14704,14705,14703,14702,14701,3454,3453,3455,3452,11013,11014,10569,4247,10594,14969,14968,14974,14966,14965,14964,14970,14971,14967,14973,14972,2053,6563,6564,6565,6560,6562,6559,6566,6561,6567,3959,3958,3960,13970,538,15603,15599,15600,15602,15601,12451,10950,10949,10948,10947,10951,10952,10946,10945,5959,13865,13863,13862,13867,13864,13866,13876,13868,13872,13870,13871,13875,13873,13869,13874,6858,6857,5418,5413,5420,5421,5411,5422,5423,5424,5425,5417,5412,5426,5428,5414,5429,5430,5431,5432,5415,5433,5416,5419,5427,6185,15085,15084,13231,11529,11066,11070,11069,11068,11067,11071,11108,11107,11106,11105,11104,11103,11097,11102,11101,11100,11109,11096,11090,11099,11091,11092,11093,11098,11095,11094,15094,15093,15092,15095,15097,15096,15098,13124,13123,6576,14667,61,15063,15064,15060,15061,15059,15062,15001,5664,5662,5663,3143,3570,3565,3568,3567,3566,3564,3569,7767,7768,5318,13230,13384,3336,3331,3334,3335,3332,3333,6345,6347,6344,6343,6342,6341,6340,6346,14909,14910,14912,14913,14914,14911,14915,14916,15002,12552,2072,2073,2074,4995,4991,4990,4989,4993,4994,4992,545,676,679,678,677,675,674,673,15134,14358,14355,14356,14357,10267,10255,10265,10264,10263,10266,10268,10262,10270,10271,10261,10260,10259,10258,10256,10257,10269,4274,11628,11629,14842,14843,16582,16581,16583,3592,3593,3594,5287,5286,5285,2987,14677,14678,14679,14676,15137,11088,14617,12387,4633,4632,4631,4630,4629,4636,4637,4638,4639,4635,4640,4628,4634,4627,4641,7988,7989,7993,7990,7992,7991,4230,4226,4227,4229,4228,4231,3805,3812,3808,3809,3810,3817,3804,3811,3803,3806,3807,3813,3814,3815,3816,10749,7058,10476,10472,10474,10473,10475,10411,10412,10413,10414,10415,10416,10417,10418,10419,10420,10421,10422,10424,10425,10426,10423,4166,4164,4162,4163,4161,4165,10996,10995,10997,10998,14072,14073,14078,14077,14076,14075,14074,10504,10497,10498,10499,10500,10501,10502,10503,11437,11441,11440,11443,11442,11439,11438,15931,15930,15929,15006,15005,15008,15007,15009,7543,7539,7541,7542,7536,7538,7537,7540,7535,4090,4080,4083,4084,4089,4088,4081,4079,4078,4077,4086,4082,4091,4092,4087,4085,16525,16527,16526,12153,11990,5020,5016,5021,5013,5017,5022,5018,5019,5014,5015,14674,14671,14672,14673,3079,4134,4133,6412,4969,4968,4625,4624,10224,11732,11733,3896,3895,3894,3893,10530,7168,7169,7165,7166,7167,7171,7170,3710,3711,3712,3080,12951,10505,10511,14920,14919,14921,14918,3713,3714,3715,11804,11809,11808,11807,11806,11805,11810,15099,14869,3991,13199,13200,13201,13203,13204,13205,13208,13207,13209,13210,13211,13212,13213,13214,13206,13198,13195,13196,13197,13192,13202,13193,13194,59,10861,10862,10864,10863,10867,10868,10866,10865,8517,8518,8516,8519,8520,8515,13133,13132,13129,13130,13131,3923,12466,5023,5024,12037,12110,7414,14627,12145,12147,12142,12143,12144,12146,14867,14894,3103,14555,111,3301,8531,163,4333,15067,2961,11447,11449,11446,11448,14952,14953,4237,3220,3223,3221,3222,16547,16543,16546,16545,16544,12544,12538,12543,12542,12546,12539,12541,12545,12540,15086,3098,3097,14191,14192,14193,14194,14195,14196,14197,13962,211,217,216,212,213,214,208,210,209,215,2113,2112,4563,7287,7285,7283,7286,7284,14762,7339,7340,10119,11776,11775,2109,2107,2108,2104,2105,2106,3387,1983,14804,14796,15561,15564,15562,15560,15565,15563,7372,7508,7510,7505,7511,7512,7513,7506,7507,7509,8460,14546,14155,14156,14157,2164,2163,2165,2162,12344,13603,13604,13614,13620,13613,13602,13615,13617,13612,13618,13601,13605,13619,13621,13616,13623,13606,13607,13608,13609,13610,13611,13622,7907,539,4808,4807,4806,4805,8137,3339,2347,3993,3996,3994,3997,3995,3992,14605,14606,13361,13363,13362,11012,11011,11010,11009,11007,11006,11005,11008,4299,4291,4292,4293,4295,4296,4297,4298,4294,14845,16021,2043,14139,14140,14138,14141,14142,14143,14144,14145,14146,14147,14148,14149,14917,5112,5111,5114,5118,5113,5116,5115,5117,3144,4290,11832,11833,11834,11835,11836,12443,12449,12450,12447,12446,12445,12444,12448,14868,7649,7648,7647,7646,9903,2211,2212,2213,3367,3362,3363,3364,3365,3369,3370,3372,3371,3366,3368,3373,9918,10410,2733,13584,13587,13588,13586,13585,13572,13573,13581,13574,13575,13576,13577,13578,13582,13583,13580,13579,10516,10523,10524,10525,10526,10521,10518,10520,10512,10517,10514,10515,10522,10519,10513,10700,10709,10711,10710,10708,10707,10706,10697,10698,10699,10705,10701,10702,10703,10704,11305,11304,11306,11307,13140,13146,13145,13136,13137,13138,13147,13144,13143,13142,13141,13139,14103,14104,14105,14106,14107,6148,6146,6145,6144,6147,2850,2950,8235,15136,9708,9709,9706,9705,9704,9703,9702,9701,9700,9699,9697,9696,9710,9707,9698,9714,9713,9712,9711,13905,13899,13915,13914,13913,13906,13912,13900,13910,13909,13908,13901,13902,13903,13907,13911,13904,397,396,395,398,399,9664,14806,7387,7388,7389,14908,3482,4915,4914,4920,4913,4921,4911,4916,4912,4919,4918,4917,8485,8483,8484,10673,14593,14594,14938,14929,14930,14931,14935,14936,14928,14932,14933,14934,14937,4459,4460,4461,4458,11388,11382,11383,11384,11385,11386,11387,11389,10562,10568,10567,10564,10566,10553,10554,10555,10556,10557,10558,10559,10560,10561,10565,10563,15169,15378,15384,15379,15380,15381,15382,15383,10460,15019,14668,2226,2225,8550,10458,10459,6494,6492,6491,6493,6490,6495,14573,14572,14574,14571,14570,14569,14568,2041,2077,2076,2075,6680,10620,10623,10621,10622,10625,10618,10617,10624,10614,10616,10615,10610,10611,10619,10613,10612,3180,3182,3181,3183,3184,10362,15616,15610,15611,15612,15613,15614,15615,15617,15609,10076,7841,6708,6709,6710,14647,14648,9555,6724,12409,12408,11452,11451,11454,11455,11456,11450,11453,3573,3574,3575,3576,3577,6750,6979,3640,3638,3642,3643,3644,3639,3633,3634,3635,3636,3641,3645,3647,3637,3646,3648,5456,5457,5458,1952,1949,1953,1948,1951,1947,1950,162,13385,10907,10906,10905,12537,12536,12535,14626,12398,6692,3953,3951,3952,12141,401,403,412,405,402,407,413,408,404,410,414,406,409,411,11647,11646,10230,10234,10232,10233,10231,16140,7795,15053,15054,15055,15056,15057,15133,9612,9613,9611,9610,9614,6527,6528,6534,6530,6526,6529,6525,6532,6537,6536,6523,6522,6521,6533,6535,6524,6531,9791,1971,13409,12093,12092,15100,14729,10216,10215,10214,10213,10212,10211,10210,10209,10208,6699,6701,6702,6703,6704,6700,6698,6150,13641,13628,13629,13630,13631,13632,13633,13634,13640,13636,13637,13638,13639,13635,13642,14708,9792,11380,11381,11379,11378,10640,10649,10648,10647,10637,10646,10651,10638,10645,10639,10643,10642,10641,10650,10644,7298,2984,5583,5571,5572,5573,5574,5576,5584,5585,5586,5582,5587,5589,5590,5577,5578,5579,5580,5581,5588,5575,7549,0,796,3596,3595,3239,3240,3241,12473,10249,10250,10246,10248,10247,5673,5672,5674,3059,6691,14556,16505,16513,16503,16502,16504,16514,16507,16508,16509,16506,16510,16511,16512,16501,16500,9649,9650,9644,9648,9647,9646,9645,9643,3361,15801,15795,15798,15797,15802,15803,15804,15805,15796,15806,15800,15786,15787,15788,15789,15790,15791,15792,15793,15794,15799,16541,7713,7714,7715,7716,7712,9727,9717,9718,9719,9720,9726,9725,9724,9723,9722,9721,9728,8359,8358,14850,6036,6035,5172,5178,5177,5176,5174,5175,5173,5171,10407,14068,14069,14067,3602,3603,3604,10507,10508,12335,12336,12338,12339,12340,12341,12343,12342,12337,7746,7747,7749,7748,7869,7955,3315,12372,7798,5898,5897,12935,12934,12933,12932,12936,12937,12938,12939,9695,2933,6244,3052,11871,11855,11872,11857,11858,11859,11856,11861,11870,11869,11868,11860,11865,11867,11866,11862,11864,11863,7766,7765,15003,15004,9926,10239,10225,11827,11826,7689,7691,7692,7693,7690,14396,14400,14399,14398,14397,14395,14394,7698,7697,7696,7695,7694,7699,7700,6305,14805,5163,5162,10138,5718,6118,7979,7978,7967,7971,7968,7976,7975,7974,7973,7972,7970,7977,7969,2268,2263,2264,2265,2266,2267,2269,8002,6649,6650,6647,6646,6651,6652,6653,6654,6655,6656,6648,10464,7761,7033,7032,7035,7036,7034,7037,7038,7039,7040,4376,4381,4380,4382,4377,4378,4379,4375,4383,5180,5977,7836,7835,7834,7833,7832,7831,7830,3523,3529,3528,3527,3526,3525,3531,3524,3522,3530,3532,6314,6315,6309,6312,6311,6313,6310,9667,11640,5960,4123,2507,2506,2508,7764,8088,14544,14543,14542,14541,14545,7063,7064,7065,7066,7067,7068,7069,7315,10036,4249,5900,5901,5902,6997,6998,5317,5899,8705,8698,8710,8700,8702,8703,8701,8706,8707,8708,8709,8699,8711,8704,2036,2037,6711,6712,8762,8761,8760,8759,8758,8757,9783,1955,11727,2885,6460,6461,6469,6462,6463,6464,6465,6459,6466,6467,6468,12271,15559,2354,2352,2356,2357,2353,2355,16380,7659,7660,9949,9948,9947,9946,9945,2006,2007,2008,7687,7688,10303,4236,15070,15069,2292,2290,2289,2288,2293,2294,2295,2287,2286,2291,2513,2514,2517,2515,2516,2518,8334,832,4354,4355,6256,13387,13386,9058,9057,9056,9060,9055,9054,9053,9052,9061,9059,2033,2030,2034,2031,2032,10439,9666,9665,5766,5767,5765,5187,5189,5188,5190,5191,5192,705,11989,11987,11988,10450,10449,10451,95,88,93,92,91,87,86,89,90,96,94,13171,13182,13170,13172,13185,13183,13173,13184,13180,13181,13179,13177,13174,13175,13178,13176,10291,10289,10290,10154,15047,15050,15044,15043,15051,15041,15042,15040,15045,15048,15049,15052,15046,6302,6476,6481,6480,6478,6482,6479,6477,10273,10272,3473,3468,3472,3469,3471,3470,10970,6713,6717,6716,6715,6714,11210,11209,11208,11206,11205,11204,11203,11202,11207,11211,11213,11215,11218,11217,11216,11214,11212,803,5762,5763,6046,6045,8425,8426,2208,5827,9580,1972,9790,9759,13956,13953,13954,13955,7851,9758,3897,4117,10750,10751,10752,105,6836,6835,6840,6834,6839,6837,6838,2309,2310,2311,2313,2312,2315,2316,2314,5592,5593,6572,6573,13393,13392,13391,13394,13395,13396,6983,6982,6981,6980,2371,2372,2369,2363,2364,2365,2368,2366,2370,2367,15719,15718,15716,15715,15717,15713,15712,15710,15709,15714,15711,4124,4125,4256,4257,4258,5454,5453,5452,5451,5450,5449,5448,5455,6694,5976,5975,16498,16499,9446,81,2328,2317,2318,2320,2321,2322,2323,2324,2325,2326,2331,2330,2329,2327,2319,4225,4224,7824,2052,2049,2048,2051,2050,15132,11152,11154,11151,11148,11153,11143,11147,11144,11150,11145,11155,11142,11162,11161,11149,11160,11156,11159,11157,11141,11158,11146,4619,8956,8955,8954,9324,10157,10159,10158,10161,10160,3891,3892,14984,13544,13543,13542,13545,13546,13547,13548,13549,13370,7847,7848,7850,7849,5647,5646,5645,5644,5643,5641,5640,5639,5638,5637,5636,5642,5635,5633,5634,9632,10496,6541,6539,6540,6538,15138,15142,15140,15141,15139,5299,5303,5298,5302,5301,5300,14186,14187,14190,14188,14189,15780,15783,15782,15781,15784,7107,7108,582,9567,9568,9569,9566,13565,13566,13564,13563,13570,13569,13567,13568,13571,13562,10098,10097,10092,10096,10095,10094,10093,5618,11724,11722,11720,11718,11719,11723,11721,14410,14409,14406,14407,14405,14404,14403,14408,14402,14401,14411,14419,14412,14420,14413,14414,14418,14415,14416,14417,14421,12334,6497,6496,10254,10455,5843,12134,12135,2558,2556,2555,2554,2553,2552,2551,2545,2550,2546,2557,2549,2548,2547,7952,7953,7954,11600,11604,11603,11602,11601,11133,11137,11138,11139,11135,11136,11130,11134,11132,11131,41,42,45,46,43,44,48,51,50,49,47,6063,6056,6061,6055,6060,6059,6058,6054,6062,6053,6052,6057,6517,6516,6515,6512,6518,6514,6519,6513,9235,9236,9237,9238,9239,3632,3626,3625,3631,3627,3630,3624,3623,3622,3629,3628,14628,6064,4390,4389,4388,4387,4386,4385,4384,14985,9517,8132,13382,2465,2464,2468,2467,2466,2469,10728,10729,10730,10731,10222,10221,6113,6115,6116,6112,6114,6117,11892,11888,11890,11889,11891,9985,7821,7818,7819,7817,7815,7814,7813,7806,7807,7808,7809,7810,7811,7812,7820,7816,2166,66,4362,6273,6645,6644,12548,2098,2099,2095,2100,2101,2102,2096,2089,2094,2093,2092,2091,2090,2103,2097,9120,9121,14520,2029,2027,2025,2024,2026,2023,2028,2495,2494,5329,5328,5327,5326,10311,10304,10305,10310,10312,10307,10308,10309,10306,10084,9527,9526,9525,9528,9530,9529,9531,15839,9271,9270,9274,9278,9279,9275,9280,9276,9281,9282,9283,9284,9285,9286,9272,9277,9273,7125,7126,15126,8419,7986,7987,9655,14643,9996,304,303,439,4248,6375,6374,6370,6371,6372,6373,9310,9914,15155,15156,15068,238,236,245,244,243,242,241,240,239,237,235,234,233,232,15571,15570,15569,15567,15572,15568,15573,15574,15722,15721,15720,6141,6134,6135,6136,6137,6138,6126,6133,6139,6140,6142,6143,6125,6132,6127,6128,6131,6130,6129,6233,6232,6231,5167,4677,4673,4672,4671,4670,4675,4678,4674,4676,9823,14563,14565,14566,14567,14564,16467,16466,13722,13723,13724,13725,5961,10375,13845,13846,6665,6659,6662,6661,6664,6660,6663,6668,6667,6669,6666,6657,6658,7680,7679,14092,14099,14098,14097,14096,14095,14094,14093,14090,14091,632,624,625,626,627,628,629,630,631,6696,5631,5632,10199,16391,15125,15123,15122,15124,10024,10023,10022,10021,5387,8434,8448,8435,8436,8437,8439,8446,8445,8444,8443,8442,8441,8440,8447,8438,5660,5661,14963,14962,12525,4457,704,703,701,702,4394,4393,4392,4395,4397,4396,4391,4398,3320,3319,3318,5005,5722,5723,5724,5721,5738,5725,5737,5719,5735,5734,5736,5732,5731,5730,5729,5728,5720,5733,5726,5727,16497,8028,5678,5677,13992,13991,13983,13984,13985,13993,13997,13987,13990,13994,13995,13989,13996,13986,13988,4910,13658,13657,16417,16416,16418,16415,16414,16413,9124,9133,9125,9126,9127,9128,9129,9136,9130,9131,9137,9134,9135,9132,9138,13644,14638,7371,2782,15412,15413,15419,15415,15418,15414,15416,15417,14602,5501,8019,8026,8021,8020,8025,8022,8023,8024,8027,14957,2540,2543,2539,2541,2538,2544,2542,9247,9663,6558,8101,8100,2825,3971,3972,73,69,68,76,72,71,70,77,74,75,11551,5264,10427,8824,8827,8825,8826,8823,8822,8821,9626,9629,9630,9631,9628,9627,2496,2497,2498,3932,3928,3935,3936,3933,3943,3927,3926,3925,3924,3931,3929,3930,3937,3944,3938,3934,3940,3942,3941,3939,15625,15622,15627,15626,15621,15619,15618,15624,15620,15623,320,2233,2232,9082,9079,9080,9083,9081,3518,14535,14530,14526,14539,14532,14537,14534,14527,14528,14536,14533,14529,14538,14531,3281,3866,3986,3985,3984,3987,12931,12930,10570,10571,14126,14128,14127,14129,14124,14123,14125,307,314,313,315,312,311,317,310,316,306,309,308,305,14168,14169,5401,5402,9313,9312,9315,9314,4616,4617,3579,15812,2786,9694,9039,10106,15830,15831,15824,15823,15829,15828,15827,15826,15825,15832,7829,2463,2462,3969,3966,3967,3968,6643,2757,3128,13847,5952,6571,6570,6569,14070,4369,4374,4364,4363,4367,4373,4372,4371,4368,4370,4365,4366,16483,16484,14137,6108,6111,6110,6109,16309,16310,16311,16312,16313,16314,10120,2110,2111,14802,14801,14800,14799,14803,14798,5715,5716,5717,5714,6043,6040,6042,6041,9291,9293,9292,16006,16007,10155,6359,10083,12952,12953,60,5993,7226,7227,15691,15690,15689,15687,15686,15685,15692,15700,15694,15695,15696,15697,15698,15699,15693,15688,9380,13740,13741,13742,13739,12041,8250,8251,8253,8252,8255,8254,6797,6798,6796,3271,12270,5858,5861,5845,5859,5855,5854,5853,5852,5860,5862,5850,5864,5865,5847,5846,5844,5848,5866,5857,5849,5851,5856,5863,13728,13727,13730,13729,16353,10895,14209,14212,14213,14202,14214,14215,14205,14201,14207,14206,14204,14198,14199,14200,14210,14211,14203,14208,13419,13420,8236,2143,2141,2140,2142,13190,13189,13188,13187,13186,13101,78,80,79,13128,13889,13893,13892,13888,13887,13891,13890,15708,15707,9290,9784,16494,14254,8594,8595,8596,837,839,836,838,841,842,840,6637,6636,6633,6635,6638,6623,6631,6622,6621,6624,6625,6626,6627,6628,6629,6630,6634,6632,6489,3825,3826,3827,3828,3829,3830,3831,3832,3833,15491,15493,15494,15492,15495,7846,8133,8539,8538,8537,5011,8571,8570,15652,15656,15655,15654,15653,15649,15650,15651,5871,5870,5869,9857,10223,13836,12028,14317,14318,14319,14320,6958,14153,14154,12969,14981,84,83,85,12979,1914,8523,4399,3260,3261,3262,3264,3259,3263,3258,8722,8721,8723,8720,6860,731,13861,13860,13998,5500,10894,14041,9659,9660,11533,11531,11532,11535,11534,2526,2528,2529,2527,2523,2524,2530,2531,2532,2533,2534,2525,2535,2521,2522,10077,791,789,790,6615,5739,5740,5741,5742,6510,16542,11520,11521,11522,11523,11524,11525,11526,5948,5946,5947,5951,5950,5949,5654,5652,5651,5650,5649,5658,5653,5659,5655,5657,5656,2746,4712,4713,171,170,169,168,166,165,164,167,8876,11558,8295,8294,8293,473,472,475,477,478,474,479,476,481,471,480,15777,15776,15779,15778,16122,16124,16123,3702,3706,3705,3704,3703,3701,3700,149,4798,4799,4800,4801,12940,5823,5824,5822,5825,5826,10235,4528,4527,13467,13461,13462,13463,13464,13465,13466,15583,15579,15578,15577,15576,15581,15575,15580,15582,4477,4486,4485,4484,4483,4482,4478,4480,4481,4479,6684,6683,6687,6688,6685,6689,6686,6690,13659,13660,13661,5873,10200,744,743,741,742,9211,9212,10814,8589,8587,8588,8586,8591,8585,8590,8580,8593,8579,8583,8592,8581,8584,8582,3693,3988,387,388,378,377,389,381,386,385,384,383,382,379,380,390,13096,13097,13098,13099,733,11463,16227,16236,16237,16238,16235,16234,16233,16232,16231,16230,16228,16226,16239,16225,16224,16223,16229,4346,4343,4342,4347,4344,4348,4340,4341,4345,14780,8961,8965,8966,8970,8969,8968,8962,8963,8964,8971,8967,8960,8959,8958,6682,6681,6726,6728,6729,6730,6725,6731,6727,12414,15372,15365,15364,15363,15362,15361,15367,15373,15366,15368,15374,15371,15376,15377,15375,15370,15369,10409,14365,14360,14361,14362,14363,14364,14366,3680,3687,3683,3679,3686,3675,3682,3678,3676,3685,3677,3684,3674,3681,8476,16420,16424,16423,16422,16421,16245,16244,16243,16242,16241,16240,16248,16246,16253,16249,16250,16251,16252,16254,16247,13643,11962,13418,13417,13416,3846,14311,14315,14314,14312,14313,14316,6151,8107,16440,6693,16341,16342,16346,16338,16344,16347,16337,16345,16343,16339,16340,12484,11803,9248,14369,14368,6574,6575,10540,10541,10542,10546,10544,10545,10547,10548,10549,10550,10551,10552,10543,10538,10539,9373,9375,9374,14272,14277,14276,14268,14275,14269,14270,14271,14278,14273,14274,14063,14062,14060,14059,14061,14066,14065,14064,3094,1970,13167,13168,14475,8984,8983,8982,8981,8985,14111,14115,14114,14113,14110,14112,29,27,28,4586,4587,4584,4585,13835,13405,13402,13408,13407,13406,13401,13404,13403,13282,13281,13280,9992,9993,9416,13812,13809,13811,13810,13808,13807,13427,13430,13428,13429,9971,345,348,349,350,351,352,354,353,347,346,342,343,344,101,102,98,97,103,100,99,4272,4264,4273,4270,4271,4269,4268,4267,4266,4265,4263,6485,13737,9821,3096,13832,13830,13831,13833,13834,10833,10832,10831,10830,10829,13086,4508,12986,4859,4860,4861,4862,4863,12261,601,602,15503,15514,15524,15523,15522,15521,15520,15519,15518,15517,15516,15515,15504,15513,15512,15511,15510,15509,15508,15507,15506,15505,15525,9950,2278,2279,2280,2281,2282,2283,2284,1912,1911,9599,9598,10031,12250,12471,12472,15785,3598,3597,13410,67,6568,748,753,747,752,745,749,746,750,751,12383,12384,9754,14525,12423,13100,561,562,563,12916,16357,16356,16355,16358,10253,12185,12183,12182,12181,12184,12189,12188,12190,12187,12186,15135,13696,15813,15814,15817,15816,15818,15815,13102,10593,11645,11644,11643,11642,11641,8640,8641,3224,4095,4096,4093,4103,4102,4101,4100,4099,4094,4098,4097,142,249,10251,10252,4537,8102,14006,14013,14012,14005,14014,14015,14016,14017,14009,14021,14019,14020,14010,14022,14011,14008,14018,14007,15879,15878,3450,3451,5757,5759,5758,5756,5755,5754,5761,5760,8905,8906,8907,8908,8909,8910,8911,8246,8242,8241,8240,8239,8249,8248,8243,8247,8245,8244,4864,4871,4873,4869,4872,4866,4867,4868,4865,4870,5675,5676,2851,6707,6706,6705,15566,13959,13957,13961,13958,13960,2741,283,14854,13819,13820,13818,6520,12910,13713,13714,13715,13357,14926,13478,13479,13477,13476,13475,13480,13474,12707,9319,9316,9320,9317,9318,4037,4036,35,9305,9304,9303,9306,9300,9301,9307,9299,9298,9297,9296,9308,9309,9295,9294,9302,15684,12516,10428,14100,14101,14102,12416,4857,12675,12674,319,13895,13894,13877,13879,13878,2875,12788,12787,12786,104,4361,2826,2827,10032,10033,10034,13935,13934,13933,13932,13941,13942,13940,13939,13938,13937,13936,9581,2823,12606,12605,12604,6415,6413,6420,6419,6418,6417,6416,6414,9321,12455,12454,13852,13857,13856,13855,13854,13853,13851,13848,13849,13850,4750,4755,4754,4753,4752,4751,4749,4756,9562,9563,9564,9565,3533,6577,14216,14472,14468,14467,14466,14463,14460,14470,14461,14459,14469,14462,14465,14464,14471,14473,7823,7822,14341,14342,14347,14343,14344,14340,14345,14346,14339,13051,740,11963,13815,13814,13816,13813,4583,4582,12029,12030,12031,12032,12033,10357,10359,10358,10360,14792,8110,8109,8108,15396,4937,6937,14307,14309,14310,14308,14454,14446,14451,14449,14448,14447,14453,14452,14450,14442,14440,14441,14443,14444,14445,14439,15922,15921,7489,7490,7488,5089,5091,5092,5088,5093,5090,14781,680,374,370,371,372,373,7223,8001,885,889,890,891,892,886,893,887,888,884,7951,9352,9351,9350,9349,9347,9346,9345,9344,9348,9338,9343,9342,9341,9340,9339,3046,3047,3045,3048,3044,14370,15130,15131,112,3476,3477,3475,3480,3478,3481,3474,3479,14832,14839,14833,14834,14835,14837,14838,14836,14116,14118,14122,14117,14119,14120,14121,10356,10070,15391,6010,6009,6011,6012,16277,16276,622,620,618,617,621,619,9592,4026,4027,4028,4029,4030,4024,4023,4025,2443,12254,3356,3359,3355,3353,3352,3357,3358,3354,3344,3343,3342,3341,3340,14861,14862,14864,14863,2857,2860,2859,2861,2858,2856,824,825,830,829,828,823,827,826,8497,8496,8486,8493,8487,8492,8488,8495,8491,8489,8494,8490,4282,4281,4284,4283,16442,415,416,417,425,418,419,424,426,420,421,422,423,7904,7906,7903,7902,7901,7900,7899,7898,7905,3512,4020,4021,988,989,763,755,762,766,764,765,768,767,769,756,759,758,761,757,760,12824,14303,14304,14305,14302,14306,13735,13734,13736,2358,2359,2360,16145,4771,7494,7495,13501,10279,10280,10281,16454,16455,13066,13063,13072,13073,13067,13065,13068,13070,13075,13074,13071,13064,13069,12365,12364,12878,12877,12874,12876,12879,12880,12875,15119,14517,14518,15947,2270,16419,7999,8000,7998,8430,8427,8428,8429,8431,16137,16138,16139,16191,16194,16190,16189,16193,16192,16188,8605,8599,8607,8606,8604,8603,8602,8601,8600,8608,8598,3300,3298,3299,24,4053,14757,14758,14756,14755,14759,12654,12655,12656,8630,8629,8631,8632,8633,5333,5332,6619,6618,6617,6620,6616,16275,16273,16274,3448,128,129,14954,8011,8014,8015,8012,8016,8018,8017,8013,3651,3652,3653,13058,13056,13055,13057,8197,8191,8192,8193,8194,8195,8196,8185,8198,8190,8184,8186,8187,8189,8188,6719,6720,6721,6718,6722,6578,400,13886,9795,9797,9794,9799,9798,9793,9796,9800,9801,13945,13944,13943,3880,3883,3882,3878,3884,3881,3886,3879,3885,3877,3876,3875,3874,14848,4520,4519,4518,4522,4523,4524,4517,4525,4521,12583,12584,12585,12586,8357,2975,5989,5990,5991,5992,12726,12725,12734,12727,12722,12730,12731,12732,12733,12724,12723,12736,12737,12738,12735,12729,12728,16426,231,10461,4998,5002,5003,4999,5000,5001,5004,4997,4996,8099,16213,16219,16220,16217,16216,16215,16214,16222,16210,16211,16212,16218,16221,466,469,470,461,467,462,463,464,468,465,10013,10016,10019,10017,10018,10014,10011,10015,10010,10012,10009,1555,732,4684,4683,4682,4681,4680,4679,10859,10860,12242,12243,12653,12651,12650,12652,700,3449,16315,16316,16317,16318,16320,16321,16322,16319,7704,7705,7706,14519,2069,2068,2067,2066,2065,8003,8005,8004,711,712,713,714,14760,14761,13085,12121,12120,12126,12125,12124,12122,12123,8540,14458,14457,14456,6845,7897,8432,8361,3083,14849,623,16516,10378,10379,10380,10381,10382,10383,12456,12457,9117,9118,14698,14697,14690,14696,14695,14694,14692,14691,14693,9979,9980,9977,9981,9978,2157,2158,2159,7943,7940,7939,7938,7944,7935,7934,7937,7936,7945,7942,7946,7947,7948,7949,7950,7941,15985,15102,15105,15103,15101,15104,3390,3388,3393,3403,3389,3395,3394,3404,3405,3406,3401,3400,3402,3398,3397,3396,3392,3399,3391,14130,14136,14131,14132,14133,14134,14135,6596,6597,6598,6599,7769,7770,7771,7772,9662,15843,15860,15859,15858,15857,15855,15854,15852,15851,15850,15849,15848,15847,15846,15845,15844,15856,15853,15677,15667,15678,15679,15680,15681,15682,15683,15675,15676,15668,15674,15673,15672,15671,15670,15669,16205,16208,16207,16206,8406,14455,14865,14866,7889,14283,14282,14281,14285,14284,14279,14280,14286,3053,13697,13698,3963,10240,10245,10244,10243,10241,10242,2849,10406,10405,113,114,15809,15808,15702,15706,15705,15704,15703,16072,16074,16075,16076,16071,16069,16068,16073,16070,16067,16066,16065,16064,16062,16063,12776,12782,12783,12780,12779,12774,12775,12778,12784,12777,12781,13896,591,590,592,593,13554,13552,13553,3541,3540,8355,13023,13019,13021,13022,13020,13028,13026,13032,13031,13030,13029,13025,13027,13033,13024,16384,2227,13551,13550,5627,5626,5621,5619,5622,5623,5624,5628,5625,5620,698,697,16259,16261,16260,8104,14999,14998,15000,1623,7843,7844,7845,12711,12710,12709,12708,9462,9463,9464,9455,9466,9467,9468,9465,9460,9461,9458,9457,9456,9454,9453,9452,9451,9450,9449,9448,9459,9988,9991,9990,9989,4967,4964,4966,4965,13885,12378,12377,16271,16272,12681,12679,12678,12680,16412,16410,16411,15994,15995,15996,2957,2955,2959,2956,2958,7803,7802,14109,9051,16479,15747,15749,15750,15752,15753,15754,15755,15756,15746,15748,15741,15742,15743,15744,15745,15751,12793,12794,696,694,693,695,2993,4936,4935,4934,12693,12694,12695,12696,12697,12698,12699,12706,12704,12705,12692,12702,12703,12701,12700,10320,10321,10118,6421,10026,2869,16143,16142,16141,4963,4960,4962,4961,4959,4956,4958,4957,7701,7702,15836,15835,15834,15838,15837,15833,10000,14224,14233,14223,14225,14229,14231,14230,14232,14227,14226,14228,3408,3409,3407,16394,12394,12389,12393,12388,12391,12390,12392,12380,12382,12379,12381,1339,1324,7184,7191,7190,7189,7188,7174,7175,7187,7183,7177,7179,7185,7176,7178,7182,7186,7180,7181,14476,4905,14479,14480,14484,14477,14481,14485,14482,14478,14483,788,13732,12438,12431,12430,12432,12433,12435,12436,12434,12441,12442,12440,12439,12437,16385,15997,15636,15637,15638,15639,4690,8237,8238,16032,16026,16027,16028,16029,16030,16031,16025,739,14489,14491,14490,14492,14488,14493,16475,16472,16470,16473,16471,16468,16469,16476,16474,16264,3946,16397,16398,16399,16400,4450,4446,4449,4447,4448,4451,4454,4455,4456,4453,4452,16395,9780,15157,3539,3536,3537,3538,7228,9288,9287,560,671,1202,1199,1201,1198,1200,1197,12967,12968,3009,8856,8858,8854,8857,8860,8859,8855,14422,16408,16407,16406,16405,10463,3189,12886,12894,12887,12891,12892,12893,12895,12890,12904,12905,12902,12889,12900,12896,12901,12899,12888,12903,12897,12906,12898,16372,16373,16369,16365,16366,16370,16364,16374,16371,16367,16368,16363,16362,16361,16360,16359,16378,16377,16376,16375,16379,5297,4012,4011,4010,4009,4008,4007,4014,4013,14906,13655,13649,13647,13648,13650,13656,13646,13651,13654,13653,13652,15770,15767,15766,15765,15764,15768,15769,4495,4493,4496,4494,16165,16175,16176,16178,16174,16179,16177,16169,16170,16173,16172,16171,3983,725,726,727,724,728,12025,12024,12026,8887,8886,16480,14878,14877,14876,14875,14874,14880,14883,14879,14881,14882,3179,8329,8330,8328,8327,9900,9901,16382,16383,16381,9982,147,144,143,146,148,145,2874,2161,3782,14436,14437,14435,14434,15807,4933,284,285,6549,6550,6543,6542,6547,6546,6545,6544,6552,6553,6554,6555,6556,6557,6548,6551,12349,12351,12352,12348,12353,12354,12347,12350,848,9115,14379,14378,14376,14371,14375,14373,14372,14377,14374,13561,13555,13556,13557,13560,13559,13558,13415,15543,15540,15542,15541,16404,3350,3349,3348,3346,3347,3351,831,12667,12665,12666,12670,12669,12668,12664,16348,16349,16350,16351,2087,2084,2088,2086,2085,14474,16011,3316,2761,8095,8098,8097,8096,7804,3310,3303,3306,3309,3308,3307,3302,3305,3304,8341,8343,8338,8344,8346,8339,8340,8342,8345,8352,8353,8351,8347,8348,8349,8350,723,10350,4764,4761,4760,4763,4767,4759,4758,4766,4762,4757,4765,14522,14521,10636,127,126,119,115,121,122,123,120,118,124,116,125,117,13433,13432,12244,460,12297,11980,11985,11984,11983,11982,11981,4666,4665,4667,4664,4661,4662,4657,4660,4659,4663,4658,4656,4655,4654,4668,4669,14975,14976,14977,14978,14979,12355,9535,9536,9537,9539,9542,9543,9544,9545,9538,9541,9540,9534,9532,9533,8807,8806,10128,10136,10135,10134,10133,10132,10137,10131,10130,10127,10129,509,521,501,513,502,515,516,510,511,503,504,514,519,505,506,507,520,523,522,508,518,517,512,16396,15016,15015,15018,15017,14958,16022,844,843,1316,1317,14550,14554,14547,14548,14549,14553,14551,14552,3269,3266,3267,3268,3270,3265,729,730,14557,14558,14559,6640,334,332,341,338,337,336,335,333,340,339,9365,106,108,109,110,107,16135,12119,12116,12118,12117,9524,9523,9522,483,486,485,484,482,10322,16388,16386,16387,14164,14165,14166,14163,14162,14161,14159,14160,3147,3148,13505,13502,13503,13504,10274,2297,2296,9123,15034,15035,15031,15030,15029,15028,15027,15020,15026,15025,15024,15023,15036,15033,15032,15022,15021,14955,14956,2785,13999,14000,14001,14002,14003,14004,16045,16041,16043,16044,16042,16258,16257,16256,16255,541,16095,454,3317,3412,3430,3414,3422,3423,3424,3425,3426,3421,3427,3419,3418,3417,3428,3420,3413,3415,3429,3416,9851,1013,3311,3312,3314,3313,1982,672,218,219,12505,12506,12507,14055,14056,14051,14050,14058,14054,14057,14044,14049,14048,14047,14046,14045,14053,14043,14042,14052,221,230,229,228,227,225,226,224,222,223,1088,12808,2042,10125,10126,8551,1863,1864,1861,1860,1862,16569,12429,12428,12427,1843,1844,14779,14776,14777,14778,14618,14619,14620,9020,9021,9022,9023,9018,9017,9016,9024,8996,8997,9015,9014,9019,9013,9007,9011,9002,9012,9003,9004,9005,9006,9010,9000,8999,9009,8998,9008,9001,8912,8913,8914,8915,8916,8917,8918,8919,8922,8923,8920,8921,9686,9682,9685,9683,9687,9684,8881,12324,12323,12325,12321,12322,4779,15701,15973,15972,15971,15974,1921,1923,1922,1920,1925,1926,1919,1924,1918,1927,1928,1929,1917,1916,1915,11878,7805,2896,16401,2887,2888,2889,2890,2892,2891,2886,1496,1497,814,813,817,816,815,14608,14607,669,670,656,661,658,657,655,654,653,662,663,664,665,666,652,660,659,668,667,2929,10354,2787,131,130,132,8838,8839,8840,8845,8846,8843,8844,8842,8841,555,551,550,554,549,548,553,552,547,546,556,557,558,559,5988,5987,5986,5985,5984,14423,14427,14428,14424,14425,14426,12474,12475,16393,16392,1770,2035,12921,12920,12922,12919,9473,16091,16090,16078,16089,16088,16087,16086,16092,16077,16084,16085,16082,16080,16081,16083,16079,9041,9040,3185,12626,12630,12631,12620,12632,12622,12621,12623,12629,12624,12627,12619,12625,12618,12628,1512,1515,1507,1508,1509,1510,1511,1514,1513,5038,5043,5039,5041,5040,5042,5044,7710,7709,7711,7707,7708,14734,14753,14752,14730,14731,14732,14733,14736,14735,14743,14740,14751,14741,14748,14747,14750,14742,14745,14744,14739,14738,14737,14746,14749,4778,4777,4776,4773,4774,4775,5465,5461,5462,5466,5464,5463,1969,9472,754,9122,15037,15842,7736,7745,7738,7734,7739,7744,7743,7742,7732,7731,7740,7741,7735,7730,7737,7733,14644,14646,14645,12573,12569,12563,12564,12565,12566,12567,12568,12570,12571,12574,12575,12562,12572,12558,12559,12560,12561,14625,12997,13000,12999,12988,12987,13002,12991,12989,12992,12998,12996,12995,12994,12990,13001,12993,15065,15066,9604,9600,9601,9606,9602,9603,9605,1053,1054,1055,1050,1051,1052,9245,8668,8669,8670,8671,8672,8673,8677,8676,8675,8667,8674,12908,301,4442,4431,4432,4433,4434,4435,4436,4437,4438,4439,4440,4441,4443,4444,4445,4430,357,356,355,1672,252,6239,12295,12294,12293,2808,2873,10071,715,3011,9483,9497,9496,9484,9494,9493,9492,9491,9490,9489,9495,9488,9487,9486,9485,10072,1552,282,281,6483,6484,10999,11000,11001,5769,13673,13667,13668,13672,13670,13684,13683,13682,13669,13680,13679,13678,13674,13681,13677,13676,13671,13675,2802,8697,10153,3721,3720,3718,3717,3716,3719,3722,3723,3724,3725,8980,7703,1034,3821,3820,3819,3818,12006,12007,8724,7797,7796,12512,12515,12514,12513,12511,12510,12509,10442,10443,10444,10445,10440,10441,10448,10447,10446,8995,7113,7112,7111,7110,7109,7114,15171,9376,9379,9378,9377,11961,16023,16495,16496,9415,13666,14264,14266,14267,14265,15480,15483,15473,15489,15474,15475,15476,15477,15478,15479,15481,15488,15487,15490,15486,15482,15484,15485,15143,15145,15144,134,1744,1741,1743,1742,8904,3225,6172,8749,14721,14724,14723,14718,14722,14726,14717,14725,14719,14720,14716,14715,14714,14713,8852,12671,798,797,1318,14353,14351,14350,14349,14352,14348,10466,10468,10469,10465,10470,10471,10467,13034,8218,6511,9974,9973,9975,9976,16515,10684,10685,735,736,737,738,734,1823,9331,9329,9332,9330,9328,9327,9326,9325,12690,12691,16093,9470,15969,7686,7684,7685,9333,1574,1569,1570,1571,1573,1572,8748,9156,5517,10035,12609,1465,13645,5944,5945,5943,699,6162,8765,8764,8767,8768,8763,8766,10403,10394,10401,10402,10397,10398,10399,10395,10400,10404,10396,9504,12302,12301,12299,12300,9469,934,929,926,930,935,928,925,927,932,937,924,923,938,931,936,933,4400,8975,8976,8977,8978,8979,8974,8972,8973,1813,40,39,37,38,36,13540,13541,2932,9824,9825,13381,1679,1680,1681,1682,1683,1678,9323,9322,1152,12647,12646,12633,12634,12636,12644,12641,12648,12645,12640,12639,12643,12637,12635,12638,12642,12649,1758,1759,784,779,780,781,778,785,782,777,783,786,9822,8638,8637,8639,7891,7890,1621,5131,5132,1021,1022,1651,1650,1288,8884,8883,8882,13035,1576,13963,5591,9887,9888,9889,9886,9885,9884,9883,9882,9881,9880,9869,9874,9865,9872,9867,9864,9873,9870,9863,9875,9868,9862,9876,9866,9871,9861,9878,9879,9877,11652,11653,11654,11650,11651,4623,4622,4621,4620,1542,2209,2210,951,776,773,775,770,771,774,772,12422,2170,2175,2179,2168,2177,2176,2178,2171,2180,2169,2181,2172,2173,2174,8853,10152,3493,3489,3490,3492,3491,3494,3488,3487,3486,9778,14501,14500,14511,14502,14494,14510,14503,14509,14507,14508,14495,14506,14499,14498,14497,14505,14496,14504,12488,12489,12487,12486,525,5062,13882,13880,13883,13881,1618,9064,524,13121,13858,13859,13088,13094,13093,13087,13092,13095,13089,13091,13090,12802,833,10318,10317,10316,10319,10314,10315,10313,12800,12798,12799,12795,12796,12797,8481,8480,8477,8479,8482,8478,7726,9480,9481,9476,9479,9477,9475,9478,9046,9045,9049,9048,9043,9044,9042,9050,9047,1774,9638,9634,9635,9636,9637,9639,9640,9633,9641,9642,1740,10088,10089,10091,10090,14992,14997,14993,14996,14994,14995,14988,14990,14989,14991,9691,1159,792,14487,8268,8283,8282,8281,8261,8271,8265,8270,8269,8264,8280,8262,8278,8260,8284,8259,8258,8272,8267,8266,8274,8273,8279,8263,8275,8276,8277,8256,8257,10336,10337,10334,10333,10335,10345,10340,10341,10342,10332,10338,10330,10343,10344,10348,10347,10346,10339,10331,1671,15928,15927,15926,15925,15924,12712,1827,1884,1886,1889,1881,1885,1882,1883,1888,1890,1887,16453,16452,16450,16449,16448,16447,16445,16444,16443,16451,16446,15628,15633,15629,15632,15630,15631,12420,12419,12418,12421,14108,12523,12522,12520,12524,12521,10589,10590,10591,10592,3964,12272,12688,12689,9417,9959,9960,9958,9957,9955,9956,13898,13897,9505,9506,15531,2124,2128,2125,2127,2129,2130,2126,2123,2131,13492,13493,13494,13495,13490,13491,13497,13499,13500,13496,13498,13663,13664,13662,1042,7892,7896,7895,7894,7893,15977,15976,15981,15980,15979,15978,12954,12955,15897,12907,13821,13822,1235,1237,1236,1238,10372,2285,1480,9183,9184,1654,954,952,955,953,12831,12833,12834,12832,12852,9194,9185,9188,9189,9190,9191,9192,9193,9186,9195,9187,1811,12789,12829,7757,7759,7760,7751,7750,7758,7756,7755,7754,7753,7752,1203,5063,5064,5065,5070,5066,5067,5068,5069,710,1155,1033,898,902,901,900,899,1058,1801,15739,15738,15736,15735,15731,15733,15732,15730,15729,15728,15727,15725,15724,15723,15734,15726,15737,1443,1444,567,564,570,565,568,566,569,571,7842,10349,14391,14393,14392,15634,12918,10374,10373,12531,9983,608,605,609,607,606,610,12771,12769,12770,12773,12772,12767,12766,12764,12765,12768,12762,12761,12760,12763,9941,13516,13517,15534,15532,15533,15538,15536,15539,15535,15537,3237,12926,12927,12923,12924,12925,12785,12245,12246,12247,12220,12218,12219,12553,12554,4709,4708,4707,4706,15087,15088,15090,15089,12885,12884,12882,12881,12883,14663,14649,14662,14665,14664,14650,14660,14659,14658,14657,14656,14655,14654,14653,14652,14651,14661,174,173,172,179,175,176,178,177,12717,12713,12714,12716,12715,10148,10143,10144,10146,10149,10141,10142,10145,10147,10139,10140,14287,12517,12518,13980,13981,13982,10122,1262,14158,1041,1040,1038,1039,8828,8829,8831,8832,8833,8830,8834,8835,8836,8837,10370,1450,1449,1335,1334,1289,3055,3056,12009,12008,8848,8851,8850,8849,8847,1381,1382,1383,1384,1394,1386,1387,1388,1389,1391,1392,1393,1385,1390,359,1205,1206,1207,1208,1204,10086,375,376,1880,4016,4017,4015,12481,12482,12483,12962,12963,12956,12957,12959,12960,12961,12964,12958,3914,3915,10323,1907,12661,12662,12663,12848,12847,10105,9951,12165,12164,12163,12162,12161,12160,12166,12167,12173,12168,12172,12171,12169,12170,358,1551,10100,9995,2250,12357,12226,13048,13040,13046,13049,13036,13039,13041,13043,13044,13038,13042,13045,13050,13037,13047,12241,1595,1593,1594,8777,8783,8773,8770,8774,8785,8784,8769,8782,8772,8781,8780,8779,8775,8778,8776,8771,1085,1084,1083,1841,9755,1191,1175,1190,1176,1178,1185,1186,1187,1184,1183,1188,1181,1180,1179,1177,1182,1189,12718,12581,1129,1126,1127,1128,1130,1132,1133,1134,1135,1131,4772,1500,1499,10203,10202,10201,12909,10384,10385,10229,9038,1908,12853,3456,6358,10204,6639,1850,1849,10376,1059,14337,12873,845,10377,1431,13511,13510,13509,13508,13507,13506,13515,13512,13514,13513,12232,12233,7910,8010,8009,8008,15585,15586,15587,15588,15589,15584,10102,10101,12741,12745,12744,12743,12742,12740,1819,1818,1817,1816,2192,2189,2190,2191,2193,2194,2195,2196,2197,2188,12555,12556,15154,15153,15150,15149,15148,15151,15152,7855,7856,1629,1628,9681,1869,1870,14367,1307,14609,12928,10352,4938,12148,12149,12150,9925,9920,9924,9923,9922,9919,9921,1442,1439,1440,1441,1158,1711,1710,1702,1354,9689,9521,7683,12453,12036,13726,2256,2252,2251,2253,2254,2255,2261,2260,2259,2257,2258,3057,1557,1556,4626,1620,12672,12673,181,184,182,183,1540,1541,1539,13823,12790,12801,1011,3007,9972,318,1564,9202,9199,9200,9201,9206,9203,9209,9207,9198,9196,9204,9210,9205,9208,9197,12866,12858,12864,12857,12862,12859,12860,12861,12865,12854,12867,12856,12868,12869,12870,12855,12863,12871,12872,1326,2949,2939,2940,2941,2937,2948,2947,2946,2945,2944,2943,2942,2936,2938,9608,9609,9819,9818,9817,9816,9815,9814,9813,979,1653,1652,12807,3360,14338,9549,9550,9552,9553,9554,9551,9227,9228,9229,9230,9231,9232,9233,9234,1123,9690,800,801,799,9515,9511,9513,9508,9510,9509,9514,9507,9512,956,958,959,957,9520,9518,9519,15899,15774,15773,15775,15771,15772,12081,12059,12071,12072,12063,12068,12067,12066,12065,12064,12076,12062,12061,12075,12060,12077,12078,12074,12079,12080,12073,12069,12070,15337,896,897,895,894,5316,11986,1151,1150,3153,9805,9807,9806,1632,14040,14039,14038,14037,14036,15761,15760,15763,15762,15757,15758,15759,9912,9913,9440,10178,10179,10193,10176,10177,10192,10191,10190,10188,10187,10189,10185,10184,10183,10182,10181,10180,10186,9334,1301,1303,1302,1300,1294,1298,1297,1296,1295,1299,599,1403,1404,1406,1405,1845,1755,10285,12180,12179,1954,10073,10074,10075,3008,9895,9896,9894,9898,9899,9893,9897,1745,1747,1746,12917,16166,5006,5009,5008,5007,5010,1720,1721,15241,15245,15244,15243,15242,15246,15240,12684,12686,12687,12682,12683,12685,9860,9859,12027,15271,15270,15269,15268,15272,15273,12578,1763,1762,1766,1765,1761,1764,1760,10217,13838,13837,5164,5165,9826,3867,3868,3869,302,10027,10029,10028,10030,10150,15291,15292,15290,15289,15293,15294,15295,15297,15298,15296,16439,8875,8874,8873,8871,8870,8869,8868,8867,8872,15393,15392,10454,2214,8878,8879,9905,9904,10943,10927,10928,10929,10930,10931,10932,10933,10934,10936,10937,10938,10939,10940,10941,10942,10935,9244,15266,13397,13398,13399,13400,12174,12176,12175,9393,9392,9389,9394,9395,9396,9397,9400,9399,9391,9398,9390,10087,1409,1408,1407,10197,10198,10195,10196,12477,12476,9369,9368,9367,9366,10292,10124,10123,9651,9652,1036,9656,10025,4714,12579,12580,10276,10277,10275,4907,9242,9240,9243,9241,1483,10453,9844,9829,9830,9831,9832,9833,9834,9835,9836,9845,9837,9849,9848,9847,9846,9828,9838,9839,9840,9841,9842,9843,9850,9827,1466,1026,1027,1025,10069,1777,10078,795,794,793,4653,4649,4651,4650,4647,4648,4652,10104,10103,9963,9966,9965,9964,9967,9968,9808,9809,9810,9811,9812,589,2000,2003,2005,1999,2001,2002,2004,1939,1940,1938,1937,1936,1934,1930,1932,1935,1933,1931,9387,9386,1839,1837,1838,1840,9370,9595,15311,15309,15308,15310,12249,12178,13436,13443,13444,13440,13437,13434,13439,13446,13441,13438,13435,13445,13442,8899,8900,8901,8902,8903,8898,8891,8897,8896,8895,8894,8893,8892,8890,8889,8888,9561,9560,9557,9559,9556,9558,15642,15647,15648,15644,15645,15646,15641,15640,15643,8877,6411,10477,10478,10479,10480,10481,10483,10484,10485,10482,1057,1056,9775,9776,9777,10457,15285,15286,15283,15284,10162,9909,8183,8171,8173,8170,8174,8175,8176,8181,8177,8180,8172,8182,8169,8178,8167,8161,8162,8166,8165,8164,8163,8179,8168,10301,10302,10295,10296,10294,10299,10297,10293,10300,10298,5528,5529,5530,5527,1291,1292,10218,10220,10219,6149,6261,1213,1215,1216,1214,1217,1218,9482,5262,14255,12040,3535,10284,10283,10282,2082,2083,10438,10278,8742,8737,8747,8746,8745,8744,8741,8740,8743,8738,8736,8739,6016,6015,6014,6013,9752,9427,9428,9429,9430,9431,9432,9434,9435,9436,9437,9422,9423,9438,9439,9425,9424,9433,9421,9426,3188,12806,12805,12804,12803,8219,15934,5251,5252,5250,5253,5255,5258,5254,5256,5259,5260,5257,10156,12052,12051,12050,12049,12048,12047,12042,12046,12045,12044,12053,12054,12055,12043,12056,12057,12058,12386,12467,12468,12469,12413,5504,1622,14604,1600,1604,1603,1602,1601,1599,1597,1598,1605,1606,1596,6436,6431,6437,6441,6435,6434,6440,6433,6432,6430,6439,6429,6424,6425,6438,6427,6428,6426,5130,5129,5125,5122,5121,5128,5120,5119,5127,5126,5123,5124,10081,10079,10082,10080,9035,9034,9033,9032,9031,9030,9029,9036,9037,15387,15386,15385,3755,3750,3756,3752,3757,3754,3753,3751,3758,3759,3760,3749,3748,3747,3762,3763,3761,13946,15340,15341,15342,15345,15343,15344,1209,1210,9625,12410,10506,15288,15287,12748,12747,12759,12758,12757,12756,12755,12746,12753,12754,12749,12752,12751,12750,580,579,578,577,576,575,574,573,572,9358,9353,9354,9363,9362,9361,9359,9355,9357,9360,9356,8989,9658,14540,999,1842,1379,1380,5469,5467,5468,5470,1411,9942,8885,8992,8994,8991,8990,8993,9661,9447,10175,10174,10170,10172,10171,10169,10168,10167,10173,10166,10164,10165,10163,253,9405,9407,9408,9409,9410,9411,9412,9413,9414,9406,3226,8820,8819,8814,8815,8816,8817,8818,10353,5872,9890,581,9789,9788,9787,9786,9785,993,994,992,995,996,997,12127,12128,12132,12131,12130,12129,10205,15274,9716,6301,8319,8315,8316,8314,8317,8312,8311,8310,8309,8308,8307,8313,8306,8305,8318,11952,11946,11947,11953,11948,11950,11949,11951,8756,8755,8754,8753,8752,8751,8750,9927,11944,11943,11945,12526,12527,10371,5679,5680,5681,8788,8786,8787,9065,9066,9158,9157,9161,9162,9159,9160,5274,5273,9762,9763,9761,9764,9770,9766,9767,9768,9769,9772,9773,9774,9765,9771,14250,12490,8861,8863,8862,8866,8865,8864,12227,9615,9078,8942,8947,8946,8939,8940,8945,8935,8944,8934,8936,8937,8941,8943,8938,5323,5321,5320,5324,5325,5322,9760,14430,14431,14429,13539,13523,13524,13525,13526,13521,13527,13538,13528,13530,13531,13532,13533,13534,13535,13536,13537,13529,13522,8666,8661,8663,8662,8660,8659,8658,8657,8664,8656,8654,8653,8652,8651,8650,8655,8665,1274,1275,14560,14561,14562,3004,3002,3006,3005,3003,15107,15108,9781,1575,10366,10364,10367,10363,10368,10365,10369,10672,9756,220,10206,8642,9944,9943,15252,9907,9906,15276,15277,15275,9779,2770,2771,2769,2772,2774,2773,9101,9095,9096,9100,9099,9097,9098,4948,4947,4946,4949,4950,4942,4954,4953,4952,4939,4941,4945,4944,4951,4943,4940,4955,5213,9471,15339,861,9653,10456,12612,12610,12611,12613,12614,12615,10002,15970,8957,16111,9654,8719,8880,5389,5392,5390,5391,9962,12327,12326,15953,15951,15952,12547,8986,10121,9547,9546,9441,13738,10117,10116,204,207,190,205,206,202,197,203,196,192,193,185,200,186,187,188,194,189,199,195,198,201,191,8363,9063,9062,14807,991,544,543,5868,5867,321,326,325,324,323,322,327,15278,15279,15281,15282,15280,15335,15334,10107,4832,4831,4829,4828,4827,4848,4830,4845,4844,4843,4842,4841,4840,4826,4839,4838,4837,4836,4835,4834,4833,4846,4847,15896,15811,15810,1325,8803,8802,8801,8800,8796,8799,8798,8797,8804,8795,8794,8793,8792,8791,8790,8789,10328,10327,10326,10325,9289,6260,6259,6258,6257,648,647,646,645,649,650,644,643,651,640,641,638,633,634,635,637,639,642,636,1590,1589,1591,1587,1588,2767,10487,10486,10488,15389,15388,9102,9103,9104,15390,10008,10007,10003,10004,10005,10006,9067,9076,9075,9073,9072,9077,9070,9071,9068,9074,9069,5533,1037,9994,9680,9679,9670,9677,9676,9675,9674,9673,9672,9671,9668,9678,9669,6049,6047,6050,6051,6048,6269,11967,11966,11965,11964,10288,10286,10287,16144,15083,10099,7763,6410,6165,6166,6167,6164,5261,6098,6090,6091,6092,6093,6094,6095,6097,6096,15892,15891,2244,2243,2242,2241,2234,2235,2236,2237,2238,2240,2239,4233,4232,4234,4235,6044,15257,15255,15254,15253,15260,15259,15258,15256,11939,11941,11942,11940,6235,10113,10108,10114,10109,10111,10112,10110,9178,9179,9176,9182,9174,9173,9172,9171,9180,9170,9181,9169,9177,9175,9168,9166,9165,9164,9163,9167,15327,15321,15323,15330,15320,15319,15318,15317,15325,15316,15315,15314,15313,15326,15324,15329,15322,15328,15312,16164,1655,1666,1665,1664,1668,1663,1662,1670,1661,1660,1659,1669,1658,1657,1656,1667,13719,13720,13718,13717,13716,13721,1707,8951,8948,8952,8950,8953,8949,4530,4529,16058,16057,16056,16055,16061,16060,16059,16051,16046,16047,16053,16048,16049,16050,16052,16054,7933,7928,7931,7930,7924,7925,7926,7929,7927,7932,10408,2991,12201,12199,12200,12202,12203,12204,12210,12211,12198,12212,12205,12214,12215,12206,12207,12208,12216,12213,12209,12217,12194,12195,12196,12197,9381,9382,9383,9384,9385,6254,10668,4304,3208,3216,3217,3205,3206,3215,3214,3207,3213,3204,3202,3203,3212,3209,3210,3211,5994,5995,5996,6004,5997,5999,6006,6003,6002,6001,6000,5998,6005,12002,11999,12000,12001,11998,11993,11996,11995,11994,12003,12005,11997,12004,10727,1352,2136,2137,2135,2134,2138,2132,2133,1061,1063,1062,5884,10956,10957,10965,10964,10963,10962,10961,10967,10966,10960,10969,10959,10958,10968,10955,9337,9087,9084,9085,9086,9090,9091,9092,9093,9094,9088,9089,5918,4770,4769,4768,4158,1012,1353,15983,9107,9108,9110,9113,9109,9111,9114,9106,9105,9112,1534,1535,1536,1537,1538,4118,8987,8988,15912,15910,15911,15909,15908,15906,15904,15913,15914,15915,15916,15917,15918,15919,15920,15907,15905,161,160,159,154,152,155,156,157,158,153,150,151,15965,15966,15957,15958,15959,15960,15962,15963,15964,15967,15968,15961,5974,5973,1234,1231,1232,1233,1942,1941,5393,4262,4261,4259,4260,4180,4179,13884,1804,1805,1806,1807,1808,1809,1481,9858,14328,14327,14329,14330,6236,4213,4212,4211,4214,4215,4217,4216,4218,4219,4220,4221,4209,4210,9364,5693,15900,15901,15902,4188,4187,4185,4186,5875,5874,5876,7997,5460,5550,5548,5547,5556,5546,5545,5555,5551,5554,5544,5553,5543,5542,5541,5540,5539,5538,5537,5536,5535,5552,5563,5549,5560,5562,5559,5558,5561,5557,5499,1633,722,881,5493,5711,5709,5700,5701,5702,5703,5704,5712,5708,5713,5705,5706,5707,5699,5710,5804,5803,5802,5805,4328,4332,4331,4330,4329,4327,4326,1258,10667,10656,10655,10654,10662,10658,10653,10657,10666,10652,10659,10660,10664,10663,10661,10665,5877,1482,10045,10044,10046,10043,10042,10047,10055,10053,10049,10057,10056,10048,10041,10050,10054,10037,10052,10038,10051,10039,10040,1448,3599,3600,5169,5168,5629,1773,14333,14332,14331,14335,14334,16125,16126,16127,16128,6357,6262,14666,3847,1312,1313,1311,1310,1314,1909,4159,4160,12256,12257,12255,16181,16180,10351,5954,15956,15955,1847,1846,4352,4353,4289,3035,3036,3032,3031,3030,3029,3037,3038,3039,3040,3041,3042,3033,3034,15457,4167,9371,1094,1095,12094,12095,12096,12097,12098,716,4181,1315,6161,6159,6158,6157,6156,6155,6154,6153,6160,2012,2013,2011,2010,2009,4335,4336,4334,15740,487,5979,1454,1455,9516,15841,15840,3010,4309,1547,1548,1549,1550,1906,445,450,452,449,451,453,447,444,443,442,441,446,440,448,4308,6238,16151,16150,16148,16149,16152,16146,16147,16153,5698,1592,6350,6351,6349,6353,6355,6348,6354,6356,6352,4607,4606,4612,4611,4610,4609,4608,4613,16013,16012,16014,16020,16015,16016,16017,16018,16019,14711,14712,14710,686,688,681,682,687,684,690,689,685,683,4307,4306,8691,8692,8694,8686,8690,8693,8689,8688,8687,8682,8683,8684,8695,8685,8696,13365,13366,13367,12851,12850,12849,394,391,392,393,1877,1876,1875,1874,1873,1872,1871,4288,4287,4689,4688,5384,5379,5380,5381,5382,5383,5385,5386,6317,6316,1625,12846,3495,1308,13279,10207,180,368,369,365,366,364,362,361,360,363,367,15943,15942,15941,15940,15946,15944,15939,15938,15937,15936,15945,1332,5304,14151,14152,14150,6163,6400,1543,1544,1545,1546,11991,11992,1737,1736,4285,12407,1356,1355,5435,5434,3786,3783,3784,3785,847,15267,8105,1767,12370,12369,12368,12367,12366,1000,16129,16130,1826,1825,1824,916,1709,14170,14171,14179,14172,14178,14181,14177,14176,14182,14183,14184,14180,14175,14174,14173,921,16113,16112,5372,5373,5374,5376,5377,5378,5371,5375,5370,5367,5368,5369,15658,15659,15660,15662,15663,15664,15661,15665,15666,4246,4250,4251,3822,12465,12463,12464,4279,4278,4277,4276,4280,4337,4338,4310,12470,604,603,5267,5268,5270,5266,5265,5269,5271,4153,5955,6268,6266,6267,6265,6264,4242,4241,4239,4238,4244,4240,4245,4243,12385,9419,9418,9420,9401,9404,9402,9403,6377,6379,6378,6376,4286,329,331,330,328,6100,6101,6102,6103,15249,15251,15250,9597,15984,5352,5351,5346,5350,5345,5349,5348,5353,5347,5343,5342,5355,5354,5340,5339,5341,5344,15544,2341,2344,2343,2342,15178,15176,15190,15177,15175,15182,15179,15181,15192,15183,15193,15189,15191,15188,15187,15186,15185,15180,15184,4737,4733,4735,4734,4736,15657,9119,16024,7911,15975,263,268,267,266,265,264,269,255,256,254,261,260,262,259,258,257,6234,4339,7854,7853,7852,6183,15358,2064,1695,13665,12236,12235,15360,1433,1434,15872,15871,15863,15862,15864,15876,15875,15874,15865,15866,15873,15868,15869,15870,15867,15861,1273,15950,15949,15948,15196,15194,15195,15635,12083,12084,5445,5446,5442,5440,5439,5438,5437,5447,5436,5441,5444,5443,1568,1097,2906,2907,2908,2909,2910,2900,2911,2912,2899,2905,2901,2904,2902,2903,82,9246,2146,15348,15349,15346,15347,15350,16104,16105,16106,16107,16108,1337,15174,4135,10674,10675,10676,15501,15502,1856,1857,1859,1858,1157,15819,15820,15821,15822,14765,5980,5981,1212,13977,13975,13978,13974,13973,13979,13972,13971,13976,15411,6271,6270,3321,3322,9116,12425,12426,12424,15237,15236,15224,15239,15230,15238,15235,15225,15231,15227,15232,15233,15234,15229,15228,15226,14234,14235,14236,5485,5484,5483,5481,5480,5479,5489,5487,5488,5482,5490,5491,5492,5486,5667,16117,1322,1321,1723,12550,6089,6088,6083,6084,6087,6085,6086,4687,4686,4685,15894,15895,9445,9444,9443,9442,9222,9213,9224,9214,9226,9216,9223,9225,9215,9219,9218,9221,9217,9220,15208,15207,15203,15202,15201,15199,15198,15210,15197,15211,15212,15206,15204,15209,15200,15205,15214,15215,15216,15217,15218,15213,15219,5801,5800,5799,5798,5797,5796,5795,5794,5793,5791,5790,5789,5788,5792,14336,1028,1469,5630,13691,13690,13693,13688,13687,13685,13686,13689,13694,13692,9657,9820,15248,135,141,140,139,136,138,137,883,1985,1988,1992,1991,1987,1989,1990,1986,1120,1122,1121,11954,11955,9856,9854,9853,9852,9855,5932,5937,5935,5926,5927,5929,5930,5931,5938,5939,5936,5941,5928,5940,5934,5933,15932,1960,1961,920,6184,6272,15172,15351,15352,15356,15354,15357,15353,15355,16103,12485,6364,6365,6366,6367,6368,6361,6362,6369,6363,16001,16003,16002,1715,1716,1640,1641,1642,1644,1637,1645,1634,1635,1636,1646,1638,1639,1643,5505,1087,10572,5272,13710,13711,13712,13708,13709,13707,13705,13704,13703,13702,13701,13700,13699,13706,251,250,2224,2216,2221,2220,2219,2218,2223,2217,2222,2215,5611,5612,2071,2070,298,290,289,288,297,299,293,291,294,295,300,296,292,5828,5832,5831,5830,5829,13431,6287,6286,6285,6284,6288,6283,1586,15923,1239,1240,1241,16121,7874,7875,2122,2120,2119,2118,2117,2116,2121,2114,2115,3978,3979,3980,3981,3974,3975,3973,3976,3977,133,1010,9953,9954,9952,12260,14438,5050,5049,5057,5056,5055,5054,5045,5059,5047,5048,5052,5051,5058,5060,5053,5046,5520,5521,5519,5518,1810,8931,8924,8926,8927,8928,8929,8930,8925,8933,8932,16136,7994,7995,7996,13695,10329,6407,6402,6404,6405,6403,6409,6408,6406,15430,15422,15423,15421,15424,15431,15438,15439,15440,15441,15435,15434,15433,15432,15442,15443,15437,15444,15446,15447,15448,15449,15429,15428,15427,15426,15425,15445,15436,14167,286,287,5669,5670,5668,5671,14301,14296,14300,14299,14298,14297,14295,8730,8731,8732,8735,8733,8729,8734,5601,5600,5594,5595,5596,5597,5598,5599,5602,5407,5406,5403,5405,5404,2201,2200,12658,12657,5214,5215,5227,5217,5218,5219,5229,5225,5216,5228,5220,5224,5222,5230,5226,5221,5223,15464,15462,15461,15465,15463,272,277,273,276,279,280,274,278,275,270,271,4206,4201,4202,4207,4208,4203,4205,4204,14514,14513,14512,14516,14515,9998,9997,9688,9738,9733,9735,9740,9734,9741,9742,9744,9729,9739,9743,9737,9747,9748,9730,9731,9746,9736,9750,9749,9732,9751,9745,6723,15903,15935,9474,5887,5885,5888,5889,5890,5891,5886,13627,12720,12719,12721,5182,5186,5185,5184,5181,5183,6697,1771,16168,15954,12193,12192,12191,882,9891,9892,3612,3614,3611,3621,3620,3610,3613,3616,3608,3619,3605,3606,3617,3618,3607,3609,3615,14323,14324,14325,14326,14321,14322,12157,12154,12159,12158,12155,12156,6695,3562,3563,10595,10596,10609,10608,10603,10597,10598,10607,10606,10600,10601,10605,10602,10604,10599,6037,6038,6039,15998,12415,1419,9498,12814,12816,12817,12818,12819,12820,12821,12822,12823,12809,12810,12811,12812,12813,12815,1722,10633,10630,10631,10632,10634,10635,10629,5319,5880,5883,5882,5881,5879,5878,1690,1688,1689,16010,2167,5770,5771,5772,5773,5774,5776,5777,5778,5779,5781,5783,5784,5785,5786,5787,5775,5780,5782,808,809,14221,14220,14222,14219,14218,6170,6169,6168,6171,12269,12267,12266,12268,1785,1789,1786,1782,1788,1783,1781,1784,1787,9311,15605,15606,15607,15608,15604,6300,12913,12912,12914,12915,12911,16184,2277,2274,2275,2276,14291,2151,2149,2150,2152,2147,2154,2153,2156,2148,2155,14026,14030,14029,14031,14032,14028,14027,14025,14024,14023,9548,13451,13449,13450,13448,13447,9500,9501,9499,9502,9503,12237,13590,13594,13593,13591,13592,13596,13597,13589,13595,13598,13599,13600,12262,12263,4303,4302,4301,4300,2807,16100,16102,16098,16099,16101,16096,16097,5284,5283,5276,5277,5278,5279,5280,5282,5281,5275,9258,9259,9260,9261,9262,9266,9264,9265,9267,9268,9269,9257,9263,9256,9250,9254,9253,9252,9251,9249,9255,691,692,4041,4042,4039,4045,4043,4044,4040,4048,4047,4046,4038,12592,5363,5364,5365,5366,5356,5357,5361,5358,5359,5360,5362,5962,5972,5963,5965,5966,5967,5964,5969,5970,5971,5968,1626,1627,458,455,456,459,457,1865,12345,12346,12791,12608,12607,5204,5195,5202,5199,5198,5197,5201,5194,5203,5196,5210,5209,5208,5207,5206,5205,5211,5200,1342,1349,1348,1347,1346,1345,1341,1344,1343,15223,15222,15221,12480,12479,12478,15359,14523,14524,6672,6671,6670,6673,6475,16162,15336,15115,15116,15117,15118,15109,15110,15111,15112,15113,15114,6296,6293,6294,6295,6297,6298,6299,7871,7870,16154,16156,16155,6394,6383,6382,6384,6393,6392,6385,6386,6390,6391,6381,6388,6389,6387,611,9388,3411,8070,8069,13339,13340,13338,6335,6339,6337,6338,6336,6327,6333,6334,6326,6328,6325,6330,6331,6332,6329,16009,16008,16133,16134,12458,15988,15986,15989,15987,15991,15992,15990,15993,15220,15999,16000,13841,13839,13840,16182,15333,15332,5338,15301,15303,15300,15304,15305,15306,15299,15302,15307,4818,4822,4823,4824,4817,4819,4812,4813,4811,4809,4820,4816,4814,4815,4825,4810,4821,12228,2249,2247,2248,12034,12035,542,1086,1984,1959,1958,1957,1956,1754,15247,16094,14486,1944,1945,1943,1946,6082,14217,13520,13519,13518,612,613,614,615,616,822,16114,16109,16110,2271,2272,2273,11540,11539,11541,15173,1790,1791,1792,1793,1797,1794,1795,1799,1798,1796,1800,12296,1649,1648,1647,5814,5808,5816,5815,5809,5810,5811,5812,5813,5807,1484,4510,4511,4512,4515,4516,4509,4514,4513,12504,15467,15468,15469,15470,15471,15472,15466,16159,719,718,721,720,3509,3510,1693,6486,2915,2921,2922,2923,2924,2914,2916,2917,2919,2920,2918,16118,16120,16119,5155,14087,14089,14088,10489,10490,10491,10493,10494,10495,10492,1228,1229,1230,16131,16160,8805,16163,4858,12551,4716,6292,6291,6289,6290,1732,1734,1731,1733,3289,3290,3288,3291,3294,3284,3293,3286,3285,3292,3283,3282,3295,3296,3287,16004,16005,15558,16116,1071,1080,1081,1074,1075,1076,1077,1078,1079,1082,1072,1073,13743,13754,13761,13759,13758,13757,13756,13755,13762,13753,13751,13750,13749,13748,13747,13746,13752,13763,13760,13765,13744,13745,13766,13764,16115,1719,1822,1821,6679,6678,6677,6676,6674,6675,2203,2204,2205,2206,2202,2207,13733,13777,13776,13773,13775,13772,13771,13770,13774,13768,13767,13769,14253,14252,14251,11975,948,947,946,1848,13413,13414,13411,13412,1396,1395,1399,1398,1397,16167,15898,1893,1894,15263,15262,15261,15265,15264,8808,8810,8813,8812,8811,8809,12333,2846,2845,2245,14185,1192,1194,1195,1196,1193,1125,14831,1100,1098,1099,1111,1110,1109,1107,1106,1105,1104,1103,1102,1108,1101,6509,6503,6504,6506,6505,6498,6499,6500,6501,6502,6508,6507,14239,14240,14244,14241,14245,14242,14243,14246,14248,14249,14238,14237,14247,1160,1161,1162,1164,1163,2139,13797,13781,13802,13803,13804,13780,13800,13799,13798,13801,13779,13796,13795,13794,13793,13782,13792,13788,13787,13783,13806,13805,13786,13784,13789,13791,13778,13790,13785,2021,2022,2015,2016,2018,2019,2020,2017,2014,1330,9570,9574,9573,9571,9575,9578,9572,9576,9577,13470,13471,13472,13469,13473,13468,16040,1619,1024,1023,596,594,598,595,597,1276,1277,1400,1401,1402,540,708,709,706,707,15884,15885,15886,15880,15882,15883,15881,15888,15889,15890,15887,2145,2144,16157,16158,1820,497,488,489,491,490,495,494,493,492,496,1708,1244,1287,1286,1285,1284,248,247,246,15877,12278,12292,12291,12290,12289,12288,12273,12274,12279,12287,12286,12285,12283,12282,12281,12280,12276,12277,12275,12284,811,812,810,1145,1141,1142,1143,1144,1146,1147,1148,9757,5152,5143,5140,5153,5154,5144,5141,5151,5146,5147,5148,5142,5149,5145,5150,4732,4731,12356,3257,802,1977,1976,1975,1979,1978,1980,4972,4973,4974,4975,4971,12358,12360,12359,12361,12363,12362,12452,12826,12828,12827,12825,1351,1350,15460,15458,15459,13923,13920,13919,13918,13926,13924,13922,13921,13928,13929,13917,13931,13916,13927,13930,13925,13817,1974,1973,12659,12660,1468,1467,863,717,9336,9335,1136,14071,12577,12177,1611,1612,1610,1608,1607,1609,12101,12107,12102,12108,12100,12099,12105,12104,12109,12106,12103,12406,9146,9142,9145,9147,9148,9144,9140,9141,9139,9150,9151,9152,9153,9154,9155,9149,9143,1498,15454,15453,15452,15451,15450,15455,15456,15596,15595,15593,15592,15591,15590,15598,15597,15594,1834,1831,1833,1828,1835,1832,1830,1829,1836,2160,14433,8337,12298,12022,12023,14258,14259,14256,14260,14262,14257,14263,14261,15420,16389,16390,12230,12229,1495,1491,1490,1489,1493,1488,1487,1494,1492,1486,1485,3780,3779,3778,3777,3776,3775,3774,3773,12225,12412,11956,15338,12529,12528,12549,2992,15893,1447,12253,12252,12251,13460,13457,13456,13455,13458,13459,998,1220,1224,1219,1226,1225,1222,1221,1227,1223,872,873,866,877,878,865,876,871,875,870,868,867,864,874,869,12582,12739,9372,846,6442,12792,499,498,500,1697,1696,980,981,982,15331,1329,1327,1328,1460,1461,1462,1458,1459,1457,1119,1756,1757,1261,1260,1259,14599,14596,14597,14598,14601,14595,14600,1691,1692,600,1553,1554,1432,1506,1149,1018,1017,1016,1015,1014,1019,1020,1780,1772,1173,1165,1166,1167,1168,1169,1170,1171,1172,1174,1272,1271,1269,1268,1267,1266,1265,1270,1263,1264,1096,1717,1718,1724,1729,1728,1727,1726,1725,787,835,1753,9579,2231,431,432,433,434,435,437,430,427,428,436,438,429,1694,2040,2039,2038,1425,15982,1964,1965,1966,1968,1967,12259,1713,1714,12593,583,588,584,585,586,587,6105,6106,6107,2797,2599,532,526,537,536,535,534,533,527,528,531,530,529,1446,2852,9938,9937,9935,9933,9932,9931,9930,9929,9928,9939,9934,9936,9940,807,804,805,806,10462,10355,6396,6395,6399,6398,6397,1211,9987,9986,1631,1802,1803,854,853,851,852,855,849,850,2229,2230,2228,9596,9911,9910,12533,12534,12532,1470,1471,1472,1473,1479,1474,1475,1476,1477,1478,4646,10386,5396,5397,5394,5395,5398,5399,5400,972,976,967,975,968,974,970,969,973,971,12082,16183,1910,5953,10151,5534,15933,9984,14381,14383,14385,14384,14382,14380,14389,14390,14386,14388,14387,16038,16033,16034,16035,16036,16037,16039,1093,9026,9027,9028,9025,9969,9970,1902,1903,1899,1904,1905,1898,1897,1896,1895,1901,1900,14432,1998,1997,1996,1995,1994,1993,1868,12830,1891,1892,10436,10437,10429,10435,10431,10432,10433,10434,10430,1704,1706,1705,1703,5314,5310,5311,5312,5315,5313,12676,12677,1008,1007,1749,1748,1751,1750,1752,14294,14292,14293,1112,1113,1114,1115,1116,1117,1814,1156,2198,2199,12519,12258,12014,12017,12016,12015,12020,12021,12018,12019,12013,12012,12011,12010,1456,2246,2187,2079,2080,2081,12837,12838,12839,12835,12845,12843,12841,12842,12836,12844,12840,6255,6307,1561,1560,1527,1524,1530,1529,1528,1526,1525,1533,1531,1523,1521,1520,1519,1518,1517,1516,1522,1532,1981,6007,1445,5516,5193,5410,1582,1584,1585,1581,1580,1579,1578,1583,2054,2055,2059,2058,2062,2063,2057,2056,2060,2061,1421,1420,2262,10529,10528,10527,16161,2862,2863,15129,1687,1686,1685,1684,1913,16132,1118,16485,1730,940,941,939,944,942,943,1035,1558,1559,1255,1256,1257,862,1333,1376,1375,1366,1373,1372,1371,1368,1370,1374,1369,1367,1410,1698,1340,1336,1855,1854,1853,1852,1851,1359,1360,1365,1361,1362,1363,1364,1357,1358,1438,1435,1436,1437,1138,1137,1139,1140,1048,1047,1045,1044,1043,1049,1046,52,1815,1124,960,961,962,1009,1775,1878,1879,1090,1091,1089,1031,1030,1029,1032,1866,964,965,966,1309,978,977,6947,6946,6945,6944,6943,6942,1776,1676,945,1577,919,918,917,1617,1614,1613,1615,1616,1426,1427,963,5034,5033,5028,5029,5030,5035,5032,5031,5036,4532,4531,4533,1242,1243,1338,1501,1505,1502,1503,1504,903,904,905,906,907,908,909,910,911,915,914,913,912,1563,1624,1153,1453,1452,1451,12231,12576,1769,1630,12411,1463,1464,1768,950,949,1278,1378,1377,1735,12587,12588,12589,12590,12591,1005,1001,1002,1003,1006,1004,1701,1253,1246,1247,1248,1250,1251,1252,1254,1245,1249,12508,1566,1565,1567,1677,1331,1283,1282,1281,1280,1279,1699,1422,2930,1867,1812,1319,1320,1070,1069,1416,1417,1418,1414,1413,1412,1415,880,879,1060,14688,14687,14686,14683,14685,14684,1290,1778,1779,1562,990,1739,1738,1154,4505,4502,4507,4504,4503,4501,4500,4499,4498,4497,4506,1304,1306,1305,1066,1068,1067,1064,1065,8718,8712,8717,8713,8714,8715,8716,1674,1673,1675,9591,9590,9589,9588,9587,9586,1092,1293,1428,984,986,983,987,985,1323,14079,14080,14081,14082,14083,14084,14085,14086,1429,1430,15081,15080,15077,15078,15079,15082,820,819,818,821,834,1700,856,857,860,859,858,922,2584,2585,2586,2587,2588,2575,2582,2583,2572,2573,2574,2576,2571,2578,2579,2580,2581,2577,11220,11226,11219,11221,11222,11223,11224,11225,1712,3998,14813,14812,14814,14811,14815,14809,14808,14810,1423,1424,10669